 105 base-pairs
 0  step parameters
 shift   slide    rise    tilt    roll   twist
A-T 0.000 0.000 0.000 0.000 0.000 0.000
A-T  -1.757e-03   2.236e-02   3.429e+00   2.792e-01   4.238e-01   3.492e+01
A-T   2.392e-02  -1.620e-02   3.417e+00  -3.000e-01  -2.577e-01   3.457e+01
A-T  -1.253e-02   2.388e-02   3.432e+00   1.789e+00   1.325e+00   3.406e+01
A-T  -0.059   0.072   3.541   1.698   2.304  34.892
A-T   1.248e-02   5.559e-02   3.471e+00   2.925e-01   2.495e+00   3.382e+01
A-T   2.553e-03   6.070e-02   3.493e+00   1.090e+00   2.366e+00   3.434e+01
A-T   2.144e-02   1.486e-02   3.364e+00   3.196e-01   4.832e-01   3.291e+01
A-T  -0.064   0.036   3.407   0.373   1.992  34.532
A-T  -0.057   0.042   3.493   0.398   3.39   34.748
A-T   0.042   0.06    3.448   0.888   3.24   33.722
A-T  -0.101   0.137   3.676   2.885   5.584  33.924
A-T   1.501e-02   4.174e-02   3.573e+00   8.081e-01   2.876e+00   3.321e+01
A-T   2.987e-02   9.747e-02   3.506e+00  -9.762e-01   4.811e+00   3.290e+01
A-T  -0.145   0.199   3.745   0.988   7.695  34.493
A-T   0.062   0.136   3.728   0.296   7.429  33.9  
A-T  -0.056   0.086   3.549   0.929   5.139  31.78 
A-T  -2.002e-02   1.294e-01   3.455e+00   4.475e-01   3.738e+00   3.311e+01
A-T   0.091   0.132   3.491  -0.916   3.796  33.903
A-T  -9.958e-02   2.136e-02   3.473e+00  -7.418e-01   3.596e+00   3.293e+01
A-T   0.18    0.145   3.734  -1.391   6.196  34.72 
A-T   2.521e-02   1.010e-01   3.491e+00  -1.262e-01   4.241e+00   3.199e+01
A-T  -0.171   0.182   3.657   1.692   6.082  33.129
A-T   0.094   0.164   3.643  -3.301   6.605  33.236
A-T   0.069   0.169   3.649  -0.927   6.581  33.441
A-T  -0.039   0.155   3.547  -1.555   4.63   33.865
A-T   3.694e-02   3.254e-02   3.572e+00  -1.933e-01   2.949e+00   3.418e+01
A-T  -3.006e-02  -1.277e-01   3.362e+00  -4.436e-01   7.481e-01   3.387e+01
A-T   8.329e-02   3.335e-02   3.358e+00   9.478e-01   1.146e+00   3.402e+01
A-T   2.033e-03   8.492e-02   3.461e+00   3.664e-01   2.797e+00   3.368e+01
A-T  -0.1     0.125   3.629   2.135   5.341  32.451
A-T   2.467e-02   2.357e-01   3.902e+00  -2.418e+00   7.001e+00   3.448e+01
A-T   0.039   0.124   3.334   0.585   2.266  32.753
A-T  -2.194e-02   6.296e-02   3.526e+00   3.028e-01   3.654e+00   3.448e+01
A-T   0.037  -0.097   3.338  -0.639   0.96   32.978
A-T  -0.101   0.108   3.641   0.559   5.693  33.631
A-T  -0.144   0.347   3.912   2.973   8.485  33.43 
A-T   6.397e-02  -3.488e-04   3.398e+00   3.104e-01   3.113e+00   3.229e+01
A-T   3.245e-02   1.548e-01   3.331e+00  -2.217e-01   2.324e+00   3.311e+01
A-T  -0.071   0.278   3.867  -0.081   7.778  33.634
A-T   0.138   0.078   3.593  -0.933   5.534  34.182
A-T  -6.144e-02   2.332e-02   3.380e+00  -1.046e+00   2.483e+00   3.327e+01
A-T  -1.731e-03   2.199e-01   3.647e+00  -7.840e-01   4.644e+00   3.439e+01
A-T   2.289e-02   3.564e-02   3.329e+00   4.751e-01   1.358e+00   3.312e+01
A-T  -4.530e-02   1.660e-02   3.457e+00   2.581e-02   2.996e+00   3.231e+01
A-T   0.176   0.28    3.938  -2.316   8.439  35.363
A-T   0.096   0.038   3.434  -0.908   2.066  32.735
A-T  -0.092  -0.104   3.319  -0.067   1.472  33.462
A-T   0.098   0.123   3.653  -0.983   5.704  35.296
A-T   7.224e-02   3.050e-02   3.399e+00  -4.494e-01   1.569e+00   3.426e+01
A-T  -3.233e-02  -9.744e-03   3.420e+00   5.919e-02   5.521e-01   3.351e+01
A-T   3.300e-02   3.719e-02   3.573e+00   9.174e-01   3.164e+00   3.441e+01
A-T  -2.220e-02   2.689e-02   3.350e+00  -3.217e-01  -2.617e-01   3.345e+01
A-T  -9.839e-03  -3.069e-02   3.392e+00   1.934e-01   1.363e+00   3.311e+01
A-T   3.136e-03  -3.077e-02   3.515e+00   7.647e-02   2.450e+00   3.498e+01
A-T  -0.05   -0.094   3.345   0.473   0.623  34.658
A-T  -0.097   0.042   3.543   1.25    2.948  32.994
A-T   1.110e-02   2.813e-02   3.461e+00   3.170e-01   2.279e+00   3.327e+01
A-T   1.906e-02   5.769e-02   3.446e+00   1.904e+00   1.741e+00   3.303e+01
A-T   2.747e-03   6.554e-02   3.481e+00  -4.387e-01   7.223e-01   3.374e+01
A-T   6.252e-03  -6.128e-04   3.468e+00  -4.561e-01   3.576e+00   3.383e+01
A-T  -1.166e-01   2.244e-02   3.420e+00  -3.760e-02   1.013e+00   3.447e+01
A-T   4.183e-02   3.179e-02   3.540e+00   2.212e+00   1.731e+00   3.425e+01
A-T  -1.601e-02   8.779e-02   3.482e+00  -9.109e-01   2.780e+00   3.394e+01
A-T  -0.076   0.082   3.514   2.204   3.601  34.221
A-T   1.886e-02   1.042e-01   3.548e+00  -1.987e+00   6.011e+00   3.374e+01
A-T   0.035   0.176   3.582   0.828   6.303  34.053
A-T   2.797e-02   9.600e-02   3.680e+00   2.284e-01   4.693e+00   3.220e+01
A-T  -0.047   0.245   3.65    2.384   6.84   33.753
A-T  -0.06    0.213   3.598   0.179   5.208  32.926
A-T   0.057   0.094   3.406  -0.77    2.47   33.752
A-T  -0.052   0.16    3.481  -1.643   3.17   33.564
A-T   4.911e-02  -2.878e-02   3.435e+00  -1.215e-01   1.622e+00   3.411e+01
A-T   1.002e-01   2.573e-02   3.535e+00  -5.959e-01   3.867e+00   3.292e+01
A-T  -0.106   0.216   3.852   3.587   7.562  33.422
A-T  -7.990e-03   1.419e-01   3.649e+00  -1.837e+00   6.019e+00   3.186e+01
A-T  -1.218e-02   1.943e-01   3.538e+00   3.269e-01   6.588e+00   3.308e+01
A-T   5.035e-03   2.634e-01   3.624e+00  -2.889e+00   6.449e+00   3.462e+01
A-T   0.102   0.084   3.615  -0.474   5.166  33.946
A-T   8.420e-03  -1.169e-01   3.428e+00   6.018e-01   2.594e+00   3.301e+01
A-T   0.036   0.04    3.359   0.704   0.231  33.184
A-T  -0.119   0.171   3.422   0.386   3.326  33.048
A-T  -0.158   0.183   3.584   2.515   5.117  34.012
A-T   0.18    0.312   3.93   -2.014   7.304  34.765
A-T   0.102   0.137   3.477  -0.217   3.854  32.051
A-T  -5.198e-02  -8.896e-03   3.529e+00  -1.333e+00   3.672e+00   3.509e+01
A-T  -8.046e-02  -2.545e-02   3.435e+00   1.896e-01   8.891e-01   3.465e+01
A-T  -1.619e-02  -4.605e-02   3.434e+00  -8.300e-01   3.587e+00   3.452e+01
A-T   1.394e-02   1.013e-01   3.582e+00   4.768e-01   4.248e+00   3.435e+01
A-T  -0.208   0.225   3.849   2.744   7.719  33.033
A-T   0.088   0.12    3.552  -1.142   6.468  31.678
A-T   0.112   0.148   3.519  -1.116   5.619  32.588
A-T   2.045e-02   2.255e-01   3.731e+00   7.740e-01   7.406e+00   3.313e+01
A-T  -0.036  -0.049   3.485   0.731   3.35   31.299
A-T   1.674e-03   1.028e-01   3.657e+00   1.023e+00   4.872e+00   3.351e+01
A-T   0.088   0.126   3.391  -1.764   1.929  33.782
A-T  -3.218e-02   2.158e-02   3.354e+00  -3.838e-02   1.197e+00   3.293e+01
A-T  -1.157e-02   6.369e-02   3.555e+00   1.895e-01   4.711e+00   3.338e+01
A-T   0.138   0.223   3.919  -4.316   7.053  33.733
A-T   7.706e-03  -4.844e-02   3.462e+00  -3.199e-01   4.102e+00   3.338e+01
A-T   2.920e-02  -5.590e-02   3.320e+00  -1.321e-02   2.701e-01   3.365e+01
A-T   9.746e-02   3.353e-02   3.568e+00  -1.546e+00   2.594e+00   3.394e+01
A-T  -2.565e-02  -6.413e-03   3.431e+00   1.301e-02   5.846e-01   3.355e+01
A-T   5.796e-02   5.612e-03   3.530e+00  -1.489e+00   7.785e-01   3.593e+01
A-T   2.862e-02  -4.264e-02   3.402e+00  -1.020e+00   1.261e+00   3.508e+01
A-T   2.572e-02  -2.746e-02   3.414e+00  -4.144e-01   3.778e-01   3.385e+01
