 105 base-pairs
 0  step parameters
 shift   slide    rise    tilt    roll   twist
A-T 0.000 0.000 0.000 0.000 0.000 0.000
A-T  -3.013e-04   3.105e-02   3.423e+00   7.722e-02   4.504e-01   3.499e+01
A-T   2.490e-02  -7.784e-04   3.411e+00  -5.120e-01  -1.638e-01   3.485e+01
A-T  -6.367e-03   1.967e-02   3.431e+00   1.664e+00   1.458e+00   3.421e+01
A-T  -0.041   0.058   3.51    1.627   1.726  34.899
A-T   9.139e-03   5.491e-02   3.467e+00   4.620e-01   2.322e+00   3.365e+01
A-T  -1.251e-02   6.204e-02   3.496e+00   1.307e+00   2.146e+00   3.473e+01
A-T   2.199e-02   1.521e-02   3.368e+00   2.862e-01   2.648e-01   3.312e+01
A-T  -0.069   0.042   3.427   0.471   2.138  34.624
A-T  -4.417e-02   3.700e-02   3.473e+00  -4.034e-03   2.856e+00   3.462e+01
A-T   1.579e-02   6.051e-02   3.461e+00   9.918e-01   3.375e+00   3.369e+01
A-T  -0.086   0.111   3.638   2.399   4.767  33.938
A-T   3.696e-02   7.095e-03   3.539e+00   8.200e-01   2.736e+00   3.344e+01
A-T  -6.237e-03   9.415e-02   3.449e+00  -1.009e+00   4.360e+00   3.255e+01
A-T  -0.215   0.301   3.956   2.593  10.479  34.618
A-T   0.085   0.133   3.675  -0.256   7.393  33.048
A-T  -0.076   0.156   3.609   1.802   6.347  31.839
A-T  -2.807e-02   1.538e-01   3.465e+00  -1.330e-02   3.979e+00   3.299e+01
A-T   0.115   0.088   3.48   -0.473   3.869  33.801
A-T  -1.444e-01   6.378e-03   3.498e+00  -1.098e+00   3.795e+00   3.313e+01
A-T   0.218   0.133   3.689  -0.766   5.78   34.691
A-T  -2.606e-03   1.151e-01   3.464e+00  -4.309e-01   4.744e+00   3.169e+01
A-T  -0.224   0.226   3.72    2.681   7.439  32.479
A-T   0.181   0.291   3.851  -4.932   9.708  33.084
A-T   0.064   0.191   3.583  -0.574   7.057  32.433
A-T  -1.582e-02   1.779e-01   3.619e+00  -2.184e+00   5.839e+00   3.383e+01
A-T   5.714e-02   1.935e-02   3.554e+00   5.031e-02   3.120e+00   3.412e+01
A-T  -0.053  -0.145   3.356  -0.352   0.712  33.722
A-T   0.087   0.044   3.363   1.283   1.231  34.094
A-T   1.171e-02   7.817e-02   3.459e+00   4.944e-01   2.667e+00   3.368e+01
A-T  -0.084   0.075   3.546   1.471   4.359  32.123
A-T   0.036   0.296   4.024  -2.68    8.47   34.947
A-T   0.046   0.103   3.314  -0.04    2.088  32.374
A-T  -1.340e-02   4.966e-02   3.506e+00   5.173e-01   3.202e+00   3.440e+01
A-T   3.307e-02  -8.509e-02   3.332e+00  -9.076e-01   6.749e-01   3.326e+01
A-T  -0.07    0.103   3.585   0.555   5.243  33.367
A-T  -0.195   0.364   3.995   3.473   9.303  33.677
A-T   8.116e-02  -4.483e-03   3.377e+00   5.621e-02   2.454e+00   3.215e+01
A-T   0.045   0.167   3.351   0.169   2.074  33.662
A-T  -0.101   0.218   3.671  -0.386   5.383  33.439
A-T   0.151   0.091   3.659  -0.857   5.816  34.912
A-T  -6.980e-02  -5.202e-03   3.384e+00  -1.109e+00   1.848e+00   3.317e+01
A-T   0.036   0.171   3.578  -0.811   3.528  34.337
A-T  -4.556e-03   5.874e-02   3.327e+00   5.025e-01   1.241e+00   3.341e+01
A-T  -6.321e-02   7.703e-03   3.424e+00   2.265e-01   2.643e+00   3.207e+01
A-T   0.198   0.307   4.017  -2.846   9.172  35.586
A-T   1.027e-01   3.012e-02   3.405e+00  -5.738e-01   1.713e+00   3.251e+01
A-T  -0.072  -0.104   3.327  -0.098   1.352  33.613
A-T   0.05    0.069   3.557  -0.288   4.642  35.392
A-T   6.368e-02   2.592e-02   3.413e+00  -4.113e-01   1.536e+00   3.464e+01
A-T  -1.875e-02  -2.586e-03   3.415e+00   1.860e-01   6.358e-01   3.366e+01
A-T   7.461e-03   2.701e-02   3.524e+00   1.247e+00   2.701e+00   3.446e+01
A-T  -1.702e-02   2.462e-02   3.359e+00  -1.705e-01  -3.737e-01   3.352e+01
A-T  -2.206e-03  -3.068e-02   3.403e+00   1.526e-01   1.652e+00   3.312e+01
A-T   4.509e-03  -2.223e-02   3.509e+00  -3.114e-01   2.350e+00   3.532e+01
A-T  -0.04   -0.088   3.347   0.957   0.933  34.817
A-T  -8.682e-02   1.388e-02   3.495e+00   1.112e+00   2.932e+00   3.291e+01
A-T  -6.468e-03   2.872e-02   3.468e+00   9.012e-02   2.062e+00   3.370e+01
A-T   1.835e-02   5.551e-02   3.439e+00   1.670e+00   1.557e+00   3.322e+01
A-T   1.694e-03   6.362e-02   3.459e+00  -6.291e-01   4.132e-02   3.386e+01
A-T  -6.740e-03  -5.279e-03   3.488e+00   2.848e-01   3.813e+00   3.433e+01
A-T  -8.850e-02   2.216e-03   3.390e+00  -1.334e-01   3.137e-01   3.424e+01
A-T   2.164e-02   1.171e-02   3.534e+00   2.112e+00   1.328e+00   3.456e+01
A-T  -9.713e-04   6.513e-02   3.455e+00  -9.785e-01   1.498e+00   3.367e+01
A-T  -5.068e-02   9.223e-03   3.493e+00   2.006e+00   3.125e+00   3.447e+01
A-T  -1.212e-02   4.485e-02   3.472e+00  -1.594e+00   5.556e+00   3.326e+01
A-T  -0.062   0.257   3.777   2.199   8.407  34.445
A-T   0.074   0.069   3.675   0.32    5.045  31.767
A-T  -0.057   0.27    3.631   3.025   7.269  33.265
A-T  -0.06    0.284   3.682   0.579   6.543  32.9  
A-T   4.516e-02   2.833e-02   3.387e+00  -3.524e-01   2.234e+00   3.294e+01
A-T  -0.085   0.16    3.486  -1.937   3.661  34.234
A-T   8.268e-02  -2.928e-03   3.414e+00   2.065e-01   1.779e+00   3.413e+01
A-T   0.095   0.041   3.478  -0.798   3.898  32.694
A-T  -0.162   0.222   3.92    4.217   8.938  32.823
A-T   0.049   0.242   3.867  -3.083   9.032  31.859
A-T  -1.567e-02   2.236e-01   3.518e+00   3.463e-01   7.260e+00   3.243e+01
A-T   4.407e-03   2.389e-01   3.599e+00  -3.075e+00   6.377e+00   3.389e+01
A-T   0.123   0.12    3.68   -0.786   6.511  34.352
A-T   9.283e-03  -1.272e-01   3.415e+00   6.269e-01   3.004e+00   3.259e+01
A-T   1.169e-02   2.188e-02   3.366e+00   3.430e-01   6.768e-01   3.324e+01
A-T  -0.09    0.137   3.416   0.178   2.45   33.159
A-T  -0.117   0.116   3.492   2.006   4.242  34.217
A-T   0.194   0.378   4.04   -1.794   8.017  34.954
A-T   0.118   0.114   3.489  -0.949   3.75   31.555
A-T  -3.103e-02  -3.011e-02   3.495e+00  -1.067e+00   3.245e+00   3.509e+01
A-T  -9.974e-02   4.227e-03   3.416e+00   1.610e-01   9.421e-01   3.467e+01
A-T   2.756e-02  -6.680e-02   3.424e+00  -8.684e-01   3.190e+00   3.509e+01
A-T  -4.879e-03   5.298e-02   3.553e+00   2.267e-01   3.465e+00   3.395e+01
A-T  -0.24    0.258   3.956   3.58    8.951  33.611
A-T   0.118   0.097   3.509  -1.244   5.695  31.591
A-T   0.065   0.102   3.436  -0.151   4.605  32.205
A-T   0.06    0.226   3.693  -0.166   6.418  33.34 
A-T  -1.376e-02  -5.445e-02   3.519e+00   1.424e+00   3.135e+00   3.178e+01
A-T  -2.107e-02   5.260e-02   3.582e+00   6.382e-03   3.954e+00   3.361e+01
A-T   0.096   0.118   3.381  -1.63    1.412  34.037
A-T  -0.035   0.053   3.345  -0.586   1.03   33.252
A-T  -2.481e-02   6.264e-02   3.509e+00   3.689e-01   4.045e+00   3.287e+01
A-T   0.155   0.239   3.997  -4.85    7.627  34.195
A-T  -1.870e-02  -4.708e-02   3.427e+00   3.540e-01   3.703e+00   3.343e+01
A-T   4.574e-02  -7.203e-02   3.324e+00   2.863e-01  -2.709e-03   3.396e+01
A-T   6.277e-02  -7.404e-04   3.495e+00  -1.189e+00   1.028e+00   3.394e+01
A-T  -4.509e-03   2.166e-03   3.436e+00  -3.022e-01   6.483e-01   3.383e+01
A-T   4.031e-02  -1.736e-02   3.485e+00  -1.217e+00   9.611e-02   3.554e+01
A-T   1.789e-02  -3.840e-02   3.407e+00  -9.617e-01   1.395e+00   3.481e+01
A-T   2.454e-02  -1.657e-02   3.417e+00  -5.619e-01   9.343e-02   3.404e+01
