 105 base-pairs
 0  step parameters
 shift   slide    rise    tilt    roll   twist
A-T 0.000 0.000 0.000 0.000 0.000 0.000
A-T  -4.694e-04   1.165e-02   3.423e+00   7.436e-03   3.815e-01   3.498e+01
A-T   2.476e-02  -3.519e-02   3.403e+00  -5.271e-01  -1.366e-01   3.481e+01
A-T  -3.215e-02   2.158e-02   3.451e+00   1.688e+00   2.043e+00   3.384e+01
A-T  -0.092   0.106   3.619   2.342   3.341  35.032
A-T   2.942e-02   6.126e-02   3.465e+00   4.093e-01   2.784e+00   3.328e+01
A-T  -7.217e-03   8.556e-02   3.508e+00   1.566e+00   2.531e+00   3.439e+01
A-T   2.874e-02   1.205e-02   3.360e+00   2.717e-01   6.469e-01   3.282e+01
A-T  -7.853e-02   2.960e-02   3.416e+00   3.582e-01   2.406e+00   3.424e+01
A-T  -0.083   0.053   3.52    0.546   3.838  34.853
A-T   0.058   0.077   3.448   0.996   3.798  33.344
A-T  -0.103   0.165   3.707   2.723   6.275  33.518
A-T   2.819e-02   3.543e-02   3.592e+00   6.315e-01   3.881e+00   3.280e+01
A-T   0.039   0.132   3.562  -1.514   6.347  32.261
A-T  -0.23    0.288   3.898   2.011  10.355  33.979
A-T   0.094   0.152   3.787   0.453   8.778  33.281
A-T  -0.047   0.11    3.534   1.344   5.847  31.289
A-T  -0.041   0.163   3.468   0.511   4.451  32.965
A-T   0.124   0.136   3.527  -0.955   4.687  33.702
A-T  -1.315e-01   1.192e-03   3.483e+00  -7.578e-01   4.038e+00   3.252e+01
A-T   0.212   0.182   3.771  -1.729   6.788  34.814
A-T   0.046   0.123   3.475  -0.532   4.564  31.913
A-T  -0.166   0.135   3.56    1.357   5.313  32.367
A-T   0.134   0.253   3.816  -4.34    8.929  33.292
A-T   0.088   0.194   3.683  -1.353   7.463  32.871
A-T  -3.014e-02   1.444e-01   3.552e+00  -1.589e+00   4.985e+00   3.376e+01
A-T   0.042   0.035   3.559  -0.241   3.003  34.32 
A-T  -2.380e-02  -1.184e-01   3.354e+00  -3.009e-01   5.505e-01   3.380e+01
A-T   6.194e-02   3.115e-02   3.373e+00   1.017e+00   1.121e+00   3.406e+01
A-T   1.193e-02   5.298e-02   3.459e+00   2.292e-01   2.007e+00   3.394e+01
A-T  -0.058   0.072   3.539   1.426   3.774  32.846
A-T   8.892e-03   1.854e-01   3.812e+00  -2.180e+00   5.411e+00   3.486e+01
A-T   3.047e-02   9.693e-02   3.345e+00   1.134e-01   1.630e+00   3.318e+01
A-T  -1.242e-02   5.668e-02   3.518e+00   2.371e-01   3.103e+00   3.460e+01
A-T   2.700e-02  -7.900e-02   3.335e+00  -6.036e-01   7.297e-01   3.290e+01
A-T  -0.076   0.099   3.571   0.335   4.665  33.59 
A-T  -0.171   0.352   3.956   3.434   8.58   33.662
A-T   6.977e-02  -9.139e-03   3.397e+00  -3.918e-02   2.581e+00   3.235e+01
A-T   0.037   0.143   3.332   0.053   1.723  33.59 
A-T  -0.092   0.214   3.684  -0.363   5.137  33.796
A-T   0.127   0.069   3.592  -0.431   4.814  34.781
A-T  -7.613e-02  -7.940e-03   3.399e+00  -1.209e+00   1.824e+00   3.357e+01
A-T   2.392e-02   1.541e-01   3.552e+00  -1.137e+00   2.939e+00   3.440e+01
A-T   7.398e-03   4.699e-02   3.338e+00   4.489e-01   6.909e-01   3.355e+01
A-T  -7.551e-02  -1.190e-02   3.417e+00   3.056e-01   2.304e+00   3.197e+01
A-T   0.188   0.286   3.993  -2.5     9.265  35.564
A-T   0.092   0.037   3.412  -0.592   1.848  32.66 
A-T  -0.062  -0.106   3.324  -0.183   1.55   33.95 
A-T   0.046   0.068   3.562  -0.176   4.393  35.438
A-T   7.009e-02   1.236e-02   3.412e+00  -2.264e-01   1.333e+00   3.451e+01
A-T  -2.148e-02  -1.199e-03   3.426e+00  -1.124e-01   2.999e-01   3.374e+01
A-T   9.250e-03   1.561e-02   3.504e+00   1.240e+00   2.188e+00   3.440e+01
A-T  -2.790e-02   2.402e-02   3.353e+00  -4.391e-01  -5.326e-01   3.339e+01
A-T   1.036e-02  -1.297e-02   3.406e+00   3.086e-01   1.093e+00   3.319e+01
A-T   2.899e-03  -4.110e-02   3.534e+00  -2.064e-01   2.704e+00   3.524e+01
A-T  -0.054  -0.088   3.327   0.676   1.083  34.26 
A-T  -0.144   0.076   3.621   1.972   4.512  33.273
A-T   8.645e-03   2.339e-02   3.456e+00   1.772e-01   2.467e+00   3.329e+01
A-T   1.240e-02   6.634e-02   3.453e+00   1.714e+00   1.848e+00   3.324e+01
A-T  -1.305e-03   7.280e-02   3.468e+00  -1.765e-01   8.353e-01   3.381e+01
A-T   3.392e-03  -1.658e-02   3.480e+00   1.113e-01   3.802e+00   3.379e+01
A-T  -1.316e-01   1.838e-02   3.446e+00  -2.469e-02   1.299e+00   3.449e+01
A-T   0.042   0.05    3.554   2.403   1.863  34.303
A-T  -1.214e-02   1.062e-01   3.473e+00  -8.745e-01   2.648e+00   3.326e+01
A-T  -0.095   0.081   3.539   2.465   4.175  34.047
A-T   3.254e-02   1.436e-01   3.607e+00  -2.426e+00   7.657e+00   3.304e+01
A-T   7.878e-03   2.313e-01   3.683e+00   1.560e+00   8.241e+00   3.382e+01
A-T   0.032   0.098   3.748   0.722   6.753  31.535
A-T  -0.055   0.292   3.721   3.187   8.487  33.156
A-T  -0.048   0.231   3.596   0.272   5.74   32.516
A-T   0.052   0.093   3.41   -0.367   3.13   33.247
A-T  -0.075   0.175   3.504  -2.095   4.026  33.577
A-T   1.027e-01   1.128e-02   3.453e+00  -3.302e-01   1.997e+00   3.406e+01
A-T   0.095   0.054   3.565  -1.106   4.223  33.011
A-T  -0.08    0.168   3.745   2.843   6.814  32.962
A-T  -4.636e-03   2.112e-01   3.755e+00  -2.605e+00   7.651e+00   3.213e+01
A-T   4.444e-03   2.226e-01   3.599e+00  -1.071e-01   7.905e+00   3.269e+01
A-T   0.075   0.276   3.686  -3.202   7.202  34.283
A-T   0.077   0.114   3.592  -0.777   5.513  33.704
A-T  -1.023e-02  -1.106e-01   3.417e+00   7.917e-01   2.528e+00   3.294e+01
A-T   2.589e-02   2.777e-02   3.364e+00   1.403e-01   3.079e-03   3.333e+01
A-T  -0.078   0.108   3.409   0.063   1.899  33.231
A-T  -0.088   0.117   3.515   1.773   3.575  34.889
A-T   0.134   0.254   3.835  -1.56    5.306  34.81 
A-T   0.092   0.11    3.508  -0.206   3.073  32.653
A-T  -3.669e-02  -9.551e-04   3.498e+00  -1.391e+00   3.072e+00   3.479e+01
A-T  -7.471e-02  -1.484e-03   3.414e+00   3.337e-01   8.760e-01   3.467e+01
A-T   2.320e-03  -6.836e-02   3.416e+00  -7.688e-01   3.526e+00   3.488e+01
A-T   8.521e-03   6.075e-02   3.527e+00   2.102e-01   3.143e+00   3.385e+01
A-T  -0.239   0.258   3.935   3.124   8.424  34.026
A-T   0.111   0.078   3.487  -1.197   5.296  31.778
A-T   0.075   0.102   3.442  -0.193   4.334  32.792
A-T   2.979e-02   1.859e-01   3.640e+00   6.767e-01   5.337e+00   3.348e+01
A-T  -1.225e-02  -5.316e-02   3.519e+00   1.042e+00   2.617e+00   3.188e+01
A-T  -1.324e-02   3.594e-02   3.561e+00   3.076e-01   3.699e+00   3.340e+01
A-T   0.096   0.123   3.387  -2.031   1.242  34.132
A-T  -2.899e-02   3.681e-02   3.356e+00  -3.046e-01   9.106e-01   3.341e+01
A-T  -1.223e-02   4.788e-02   3.493e+00   9.894e-01   3.917e+00   3.326e+01
A-T   0.148   0.238   3.983  -4.903   7.429  34.   
A-T  -3.041e-03  -4.090e-02   3.446e+00  -6.617e-02   3.791e+00   3.345e+01
A-T   0.041  -0.071   3.306   0.194   0.42   34.023
A-T   7.760e-02   1.567e-02   3.515e+00  -1.034e+00   1.608e+00   3.375e+01
A-T  -7.474e-03   6.985e-04   3.439e+00  -3.693e-01   4.599e-01   3.398e+01
A-T   2.968e-02  -2.005e-02   3.467e+00  -9.377e-01  -2.826e-01   3.568e+01
A-T   1.276e-02  -3.616e-02   3.419e+00  -7.820e-01   9.268e-01   3.537e+01
A-T   2.443e-02  -6.471e-03   3.411e+00  -4.222e-01   2.724e-02   3.389e+01
