 105 base-pairs
 0  step parameters
 shift   slide    rise    tilt    roll   twist
A-T 0.000 0.000 0.000 0.000 0.000 0.000
A-T   3.846e-04   2.132e-02   3.425e+00   1.276e-01   2.982e-01   3.499e+01
A-T   2.419e-02  -9.692e-03   3.412e+00  -3.498e-01  -2.799e-01   3.479e+01
A-T  -1.199e-02   1.929e-02   3.434e+00   1.719e+00   1.516e+00   3.411e+01
A-T  -0.05    0.065   3.529   1.738   1.996  34.898
A-T   5.731e-03   6.647e-02   3.481e+00   4.807e-01   2.616e+00   3.361e+01
A-T  -2.192e-03   6.756e-02   3.495e+00   1.253e+00   2.090e+00   3.443e+01
A-T   1.891e-02   1.478e-02   3.365e+00   3.447e-01   4.679e-01   3.291e+01
A-T  -0.066   0.04    3.415   0.306   2.104  34.552
A-T  -5.354e-02   3.401e-02   3.482e+00   2.772e-01   3.071e+00   3.468e+01
A-T   3.214e-02   6.026e-02   3.453e+00   8.316e-01   3.363e+00   3.375e+01
A-T  -0.097   0.131   3.676   2.647   5.475  33.882
A-T   3.659e-02   1.212e-02   3.556e+00   8.926e-01   2.900e+00   3.328e+01
A-T   1.026e-03   9.982e-02   3.460e+00  -8.135e-01   4.917e+00   3.233e+01
A-T  -0.219   0.321   3.966   2.342  10.613  34.629
A-T   0.084   0.138   3.73    0.263   7.998  33.153
A-T  -0.042   0.115   3.525   1.255   5.501  31.567
A-T  -0.041   0.159   3.463   0.222   3.961  33.165
A-T   0.115   0.095   3.493  -0.659   3.876  33.838
A-T  -1.393e-01  -1.154e-02   3.490e+00  -9.220e-01   3.817e+00   3.294e+01
A-T   0.207   0.169   3.729  -1.213   6.189  34.721
A-T   2.656e-02   1.234e-01   3.462e+00  -4.158e-01   4.362e+00   3.199e+01
A-T  -0.179   0.149   3.58    1.588   5.619  32.366
A-T   0.159   0.276   3.868  -4.64    9.481  33.501
A-T   0.087   0.189   3.647  -1.067   7.212  32.899
A-T  -0.037   0.124   3.534  -1.491   4.696  33.786
A-T   3.049e-02   3.544e-02   3.562e+00  -1.342e-01   2.920e+00   3.430e+01
A-T  -2.326e-02  -1.199e-01   3.354e+00  -3.035e-01   5.331e-01   3.385e+01
A-T   7.255e-02   2.936e-02   3.367e+00   1.058e+00   1.152e+00   3.400e+01
A-T   1.268e-02   6.421e-02   3.467e+00   4.095e-01   2.449e+00   3.390e+01
A-T  -0.068   0.081   3.556   1.611   4.137  32.668
A-T   3.731e-03   2.024e-01   3.853e+00  -2.019e+00   6.063e+00   3.464e+01
A-T   3.227e-02   1.052e-01   3.348e+00   2.024e-01   1.895e+00   3.295e+01
A-T  -1.791e-02   6.783e-02   3.531e+00   4.814e-01   3.463e+00   3.443e+01
A-T   0.033  -0.084   3.33   -0.792   0.647  32.913
A-T  -0.079   0.107   3.607   0.342   5.289  33.546
A-T  -0.167   0.349   3.938   3.109   8.655  33.482
A-T   6.637e-02  -7.718e-03   3.405e+00   1.800e-01   3.013e+00   3.223e+01
A-T   3.926e-02   1.512e-01   3.337e+00   2.888e-02   2.149e+00   3.341e+01
A-T  -0.099   0.251   3.77    0.154   6.443  33.612
A-T   0.135   0.079   3.606  -0.706   5.359  34.429
A-T  -6.267e-02   1.703e-02   3.390e+00  -9.779e-01   2.231e+00   3.320e+01
A-T   9.641e-03   2.035e-01   3.623e+00  -8.436e-01   4.173e+00   3.429e+01
A-T   1.644e-02   4.292e-02   3.330e+00   4.401e-01   1.180e+00   3.319e+01
A-T  -5.424e-02   8.218e-03   3.437e+00   9.906e-02   2.793e+00   3.222e+01
A-T   0.183   0.288   3.964  -2.404   8.809  35.35 
A-T   0.1     0.042   3.422  -0.764   2.163  32.563
A-T  -8.562e-02  -1.042e-01   3.320e+00  -1.038e-02   1.623e+00   3.348e+01
A-T   0.081   0.11    3.629  -0.778   5.472  35.385
A-T   6.838e-02   2.313e-02   3.403e+00  -3.442e-01   1.544e+00   3.442e+01
A-T  -2.760e-02  -6.910e-03   3.420e+00   9.528e-02   5.459e-01   3.362e+01
A-T   2.635e-02   3.291e-02   3.556e+00   1.036e+00   2.798e+00   3.440e+01
A-T  -2.068e-02   2.462e-02   3.349e+00  -3.275e-01  -3.704e-01   3.343e+01
A-T   3.462e-03  -1.718e-02   3.399e+00   2.243e-01   1.233e+00   3.315e+01
A-T   6.000e-03  -2.633e-02   3.518e+00   6.846e-03   2.562e+00   3.521e+01
A-T  -0.045  -0.095   3.345   0.426   0.983  34.673
A-T  -1.002e-01   3.038e-02   3.522e+00   1.329e+00   3.034e+00   3.302e+01
A-T  -1.003e-02   3.086e-02   3.464e+00   4.315e-01   2.305e+00   3.352e+01
A-T   1.032e-02   5.542e-02   3.455e+00   1.874e+00   1.645e+00   3.331e+01
A-T   4.308e-03   6.799e-02   3.471e+00  -4.929e-01   6.745e-01   3.395e+01
A-T   3.449e-03   4.872e-04   3.477e+00  -3.038e-03   3.673e+00   3.413e+01
A-T  -1.080e-01   1.123e-02   3.411e+00  -2.280e-01   7.428e-01   3.440e+01
A-T   3.165e-02   1.664e-02   3.536e+00   2.009e+00   1.478e+00   3.443e+01
A-T  -9.808e-03   8.267e-02   3.476e+00  -7.953e-01   2.199e+00   3.374e+01
A-T  -0.071   0.045   3.518   2.183   3.676  34.42 
A-T  -1.859e-03   7.101e-02   3.490e+00  -1.788e+00   6.006e+00   3.298e+01
A-T  -3.172e-02   2.556e-01   3.749e+00   1.811e+00   8.470e+00   3.433e+01
A-T   0.045   0.098   3.738   0.658   6.197  31.659
A-T  -0.038   0.249   3.637   2.609   7.025  33.084
A-T  -0.039   0.232   3.6     0.328   5.425  32.859
A-T   0.043   0.051   3.4    -0.399   2.563  33.292
A-T  -0.082   0.129   3.483  -1.989   3.473  33.812
A-T   9.173e-02   1.149e-02   3.437e+00   1.096e-01   1.898e+00   3.424e+01
A-T   0.103   0.057   3.53   -0.928   4.052  32.961
A-T  -0.098   0.17    3.76    3.178   6.913  32.866
A-T   1.281e-02   2.183e-01   3.815e+00  -2.941e+00   8.280e+00   3.195e+01
A-T   7.885e-03   2.226e-01   3.592e+00  -3.250e-02   7.607e+00   3.286e+01
A-T   0.035   0.224   3.612  -2.926   6.348  34.292
A-T   0.076   0.095   3.594  -0.536   5.258  33.995
A-T  -6.372e-03  -9.850e-02   3.423e+00   8.145e-01   2.814e+00   3.310e+01
A-T   2.533e-02   2.621e-02   3.366e+00   5.133e-01   2.212e-01   3.323e+01
A-T  -0.093   0.133   3.426   0.281   2.512  33.346
A-T  -0.1     0.141   3.53    2.074   3.974  34.695
A-T   0.146   0.281   3.869  -1.346   5.853  34.733
A-T   0.093   0.114   3.493  -0.517   3.161  32.119
A-T  -4.281e-02   1.026e-03   3.526e+00  -1.196e+00   3.470e+00   3.503e+01
A-T  -8.555e-02  -5.833e-03   3.419e+00   3.680e-01   9.369e-01   3.450e+01
A-T   1.244e-02  -5.696e-02   3.420e+00  -8.298e-01   3.455e+00   3.486e+01
A-T   4.141e-03   8.412e-02   3.566e+00  -2.305e-02   3.705e+00   3.405e+01
A-T  -0.223   0.243   3.895   2.863   8.084  33.461
A-T   0.104   0.101   3.524  -1.103   6.108  31.812
A-T   0.085   0.112   3.444  -0.359   4.799  32.433
A-T   2.878e-02   2.142e-01   3.722e+00   9.987e-01   6.767e+00   3.337e+01
A-T  -1.394e-02  -4.787e-02   3.504e+00   9.446e-01   3.095e+00   3.153e+01
A-T  -1.103e-02   8.706e-02   3.630e+00   5.295e-01   4.598e+00   3.347e+01
A-T   0.093   0.123   3.386  -2.045   1.681  33.844
A-T  -3.637e-02   3.009e-02   3.342e+00  -3.818e-01   1.157e+00   3.317e+01
A-T  -2.051e-02   6.312e-02   3.520e+00   4.415e-01   4.287e+00   3.320e+01
A-T   0.148   0.227   3.941  -4.579   7.068  34.   
A-T   9.795e-03  -4.877e-02   3.455e+00  -1.081e-01   4.003e+00   3.341e+01
A-T   2.785e-02  -6.719e-02   3.309e+00   3.769e-01   4.683e-01   3.375e+01
A-T   0.098   0.035   3.56   -1.457   2.036  33.852
A-T  -2.158e-02  -4.705e-03   3.432e+00  -2.181e-01   6.357e-01   3.392e+01
A-T   5.090e-02  -5.449e-03   3.512e+00  -1.351e+00   6.355e-01   3.564e+01
A-T   1.579e-02  -4.378e-02   3.406e+00  -6.868e-01   9.775e-01   3.500e+01
A-T   2.181e-02  -2.338e-02   3.416e+00  -5.930e-01  -4.432e-02   3.400e+01
