 105 base-pairs
 0  step parameters
 shift   slide    rise    tilt    roll   twist
A-T 0.000 0.000 0.000 0.000 0.000 0.000
A-T   4.963e-04   2.175e-02   3.431e+00   1.109e-01   2.704e-01   3.501e+01
A-T   2.290e-02  -8.893e-03   3.413e+00  -4.610e-01  -2.262e-01   3.474e+01
A-T  -5.485e-03   2.476e-02   3.432e+00   1.564e+00   1.358e+00   3.413e+01
A-T  -0.048   0.063   3.517   1.726   1.881  34.884
A-T   3.784e-03   6.973e-02   3.486e+00   4.589e-01   2.570e+00   3.349e+01
A-T   2.659e-03   5.683e-02   3.487e+00   1.153e+00   2.093e+00   3.442e+01
A-T   1.699e-02   1.887e-02   3.360e+00   4.446e-01   3.681e-01   3.280e+01
A-T  -0.074   0.049   3.448   0.608   2.515  34.684
A-T  -4.697e-02   3.180e-02   3.476e+00   3.717e-01   2.914e+00   3.471e+01
A-T   2.558e-02   5.757e-02   3.453e+00   8.028e-01   3.197e+00   3.371e+01
A-T  -0.092   0.122   3.647   2.493   5.026  33.954
A-T   4.038e-02   1.112e-02   3.558e+00   1.023e+00   2.887e+00   3.341e+01
A-T   1.222e-03   9.148e-02   3.467e+00  -8.432e-01   4.558e+00   3.259e+01
A-T  -0.188   0.287   3.91    2.04    9.519  34.585
A-T   0.071   0.145   3.706   0.24    7.556  33.319
A-T  -0.049   0.109   3.511   1.231   5.107  31.635
A-T  -2.816e-02   1.881e-01   3.512e+00   2.234e-01   4.507e+00   3.329e+01
A-T   0.114   0.097   3.484  -0.684   3.763  33.801
A-T  -1.216e-01  -2.566e-03   3.489e+00  -8.826e-01   3.517e+00   3.312e+01
A-T   0.18    0.156   3.695  -1.121   5.734  34.65 
A-T   2.902e-02   1.061e-01   3.472e+00  -4.900e-01   3.974e+00   3.223e+01
A-T  -0.161   0.128   3.549   1.207   4.949  32.538
A-T   0.144   0.253   3.817  -4.23    8.764  33.684
A-T   0.078   0.174   3.632  -1.003   6.862  33.167
A-T  -0.035   0.119   3.516  -1.149   4.453  33.846
A-T   3.270e-02   4.426e-02   3.571e+00  -4.153e-01   3.038e+00   3.441e+01
A-T  -1.575e-02  -1.127e-01   3.351e+00  -2.827e-01   5.198e-01   3.387e+01
A-T   6.668e-02   2.634e-02   3.368e+00   9.853e-01   1.148e+00   3.418e+01
A-T   1.753e-02   5.538e-02   3.468e+00   4.731e-01   2.207e+00   3.404e+01
A-T  -0.062   0.081   3.541   1.523   3.853  32.96 
A-T  -5.145e-03   1.776e-01   3.807e+00  -1.780e+00   5.630e+00   3.465e+01
A-T   2.607e-02   1.003e-01   3.356e+00   1.061e-01   1.781e+00   3.314e+01
A-T  -2.075e-02   7.397e-02   3.541e+00   7.579e-01   3.493e+00   3.454e+01
A-T   0.037  -0.107   3.319  -0.566   0.573  32.88 
A-T  -0.088   0.131   3.564   0.315   5.486  33.057
A-T  -0.239   0.471   4.166   4.652  11.645  33.639
A-T   9.061e-02  -1.816e-02   3.378e+00  -1.122e-01   3.255e+00   3.152e+01
A-T   0.05    0.187   3.318   0.24    2.614  33.23 
A-T  -0.145   0.276   3.768   0.038   6.539  33.632
A-T   0.178   0.055   3.614  -0.423   5.552  34.434
A-T  -9.333e-02  -1.363e-02   3.405e+00  -1.130e+00   2.524e+00   3.292e+01
A-T   3.390e-02   2.287e-01   3.636e+00  -5.943e-01   4.491e+00   3.431e+01
A-T   1.068e-02   6.830e-02   3.307e+00   1.559e-01   1.604e+00   3.294e+01
A-T  -9.574e-02  -5.969e-03   3.403e+00   3.547e-01   2.990e+00   3.155e+01
A-T   0.272   0.407   4.208  -3.762  11.954  35.652
A-T   0.12    0.046   3.384  -0.775   2.525  31.898
A-T  -0.101  -0.137   3.314  -0.076   1.789  33.551
A-T   0.081   0.12    3.64   -0.737   5.729  35.537
A-T   7.157e-02   2.037e-02   3.400e+00  -2.467e-01   1.684e+00   3.430e+01
A-T  -3.174e-02  -1.350e-02   3.418e+00  -2.111e-02   4.948e-01   3.344e+01
A-T   2.914e-02   3.593e-02   3.559e+00   1.027e+00   2.604e+00   3.432e+01
A-T  -2.583e-02   2.629e-02   3.352e+00  -3.137e-01  -2.740e-01   3.333e+01
A-T  -2.454e-03  -2.304e-02   3.394e+00   1.878e-01   1.014e+00   3.307e+01
A-T   2.349e-03  -1.749e-02   3.530e+00  -1.124e-01   2.833e+00   3.536e+01
A-T  -0.055  -0.092   3.341   0.299   0.868  34.584
A-T  -9.592e-02   2.695e-02   3.510e+00   1.087e+00   2.751e+00   3.298e+01
A-T  -4.011e-03   3.885e-02   3.465e+00   5.417e-01   2.208e+00   3.334e+01
A-T   1.593e-02   5.282e-02   3.444e+00   1.629e+00   1.894e+00   3.315e+01
A-T   1.180e-03   7.570e-02   3.479e+00  -1.575e-01   8.639e-01   3.391e+01
A-T  -1.088e-02   1.808e-02   3.513e+00  -1.553e-01   3.990e+00   3.416e+01
A-T  -1.095e-01   1.013e-02   3.414e+00   7.391e-02   8.437e-01   3.420e+01
A-T   2.740e-02   2.697e-02   3.542e+00   2.125e+00   1.238e+00   3.431e+01
A-T  -1.039e-02   6.956e-02   3.476e+00  -8.668e-01   2.139e+00   3.361e+01
A-T  -6.665e-02   2.763e-02   3.503e+00   2.012e+00   3.330e+00   3.432e+01
A-T  -5.011e-03   6.833e-02   3.496e+00  -1.654e+00   5.693e+00   3.310e+01
A-T  -1.792e-02   2.294e-01   3.712e+00   1.520e+00   7.966e+00   3.432e+01
A-T   0.042   0.089   3.711   0.695   5.92   31.721
A-T  -3.097e-02   2.381e-01   3.635e+00   2.611e+00   7.111e+00   3.298e+01
A-T  -1.717e-02   2.292e-01   3.618e+00   2.778e-01   5.451e+00   3.296e+01
A-T   0.038   0.044   3.392  -0.44    2.383  33.293
A-T  -0.083   0.127   3.477  -2.02    3.286  33.886
A-T   8.512e-02   1.037e-02   3.437e+00  -4.343e-02   1.460e+00   3.432e+01
A-T   0.094   0.045   3.518  -0.489   3.487  33.127
A-T  -0.077   0.146   3.709   2.812   6.025  33.173
A-T   9.953e-05   1.901e-01   3.772e+00  -2.766e+00   7.258e+00   3.224e+01
A-T   4.653e-03   2.073e-01   3.574e+00   1.834e-01   7.146e+00   3.302e+01
A-T   3.229e-02   2.092e-01   3.598e+00  -2.439e+00   5.843e+00   3.445e+01
A-T   0.066   0.084   3.582  -0.662   4.992  33.937
A-T  -6.869e-03  -9.485e-02   3.427e+00   7.300e-01   2.815e+00   3.290e+01
A-T   2.452e-02   2.597e-02   3.364e+00   3.417e-01   2.367e-01   3.319e+01
A-T  -0.09    0.122   3.434   0.45    2.486  33.438
A-T  -0.089   0.138   3.533   2.146   3.736  34.861
A-T   0.125   0.246   3.809  -0.949   5.006  34.839
A-T   0.087   0.111   3.483  -0.538   3.06   32.374
A-T  -4.171e-02   1.123e-02   3.524e+00  -1.040e+00   3.467e+00   3.511e+01
A-T  -8.457e-02  -1.155e-02   3.425e+00   4.488e-01   1.063e+00   3.462e+01
A-T   2.277e-02  -1.039e-01   3.407e+00  -6.100e-01   3.589e+00   3.488e+01
A-T  -4.087e-04   6.542e-02   3.542e+00  -3.144e-02   4.111e+00   3.358e+01
A-T  -0.333   0.337   4.114   4.281  10.769  33.693
A-T   0.152   0.073   3.493  -1.416   6.327  31.198
A-T   0.084   0.126   3.418  -0.071   4.87   32.267
A-T   2.963e-02   2.314e-01   3.728e+00   1.021e+00   7.110e+00   3.341e+01
A-T  -1.906e-02  -9.456e-02   3.502e+00   9.517e-01   3.331e+00   3.118e+01
A-T  -0.045   0.074   3.642   0.351   5.03   33.771
A-T   0.135   0.164   3.386  -1.712   2.065  33.761
A-T  -0.035   0.047   3.323  -0.674   1.482  32.912
A-T  -0.035   0.051   3.508   0.548   4.527  32.502
A-T   0.207   0.316   4.18   -6.309  10.24   33.934
A-T  -1.635e-02  -3.593e-02   3.425e+00  -4.343e-02   4.154e+00   3.321e+01
A-T   0.041  -0.094   3.284   0.141   0.669  33.472
A-T   0.104   0.038   3.57   -1.497   2.423  33.821
A-T  -2.616e-02  -9.336e-04   3.433e+00   2.151e-01   6.761e-01   3.396e+01
A-T   5.416e-02  -7.419e-03   3.518e+00  -1.096e+00   6.272e-01   3.597e+01
A-T   1.666e-02  -4.857e-02   3.401e+00  -4.487e-01   7.754e-01   3.480e+01
A-T   1.977e-02  -2.625e-02   3.416e+00  -1.730e-01  -2.353e-01   3.407e+01
