0.025000 0
0.075000 0
0.125000 0
0.175000 0
0.225000 0
0.275000 0
0.325000 0
0.375000 0
0.425000 0
0.475000 0
0.525000 0
0.575000 0
0.625000 0
0.675000 0
0.725000 0
0.775000 0
0.825000 0
0.875000 0
0.925000 0
0.975000 0
1.025000 0
1.075000 0
1.125000 0
1.175000 0
1.225000 0
1.275000 0
1.325000 0
1.375000 0
1.425000 0
1.475000 0
1.525000 0
1.575000 0
1.625000 0
1.675000 0
1.725000 0
1.775000 0
1.825000 0
1.875000 0
1.925000 0
1.975000 0
2.025000 0
2.075000 0
2.125000 0
2.175000 0
2.225000 0
2.275000 0
2.325000 0
2.375000 0
2.425000 0
2.475000 0
2.525000 0
2.575000 0
2.625000 0
2.675000 0
2.725000 0
2.775000 0
2.825000 0
2.875000 0
2.925000 0
2.975000 0
3.025000 0
3.075000 0
3.125000 0
3.175000 0
3.225000 0
3.275000 0
3.325000 0
3.375000 0
3.425000 0
3.475000 0
3.525000 0
3.575000 0
3.625000 0
3.675000 0
3.725000 0
3.775000 0
3.825000 0
3.875000 0
3.925000 0
3.975000 0
4.025000 0
4.075000 0
4.125000 0
4.175000 0
4.225000 0
4.275000 0
4.325000 0
4.375000 0
4.425000 0
4.475000 0
4.525000 0
4.575000 0
4.625000 0
4.675000 0
4.725000 0
4.775000 0
4.825000 0
4.875000 0
4.925000 0
4.975000 0
5.025000 0
5.075000 0
5.125000 0
5.175000 0
5.225000 0
5.275000 0
5.325000 0
5.375000 0
5.425000 0
5.475000 0
5.525000 0
5.575000 0
5.625000 0
5.675000 0
5.725000 0
5.775000 0
5.825000 0
5.875000 0
5.925000 0
5.975000 0
6.025000 0
6.075000 0
6.125000 0
6.175000 0
6.225000 0
6.275000 0
6.325000 0
6.375000 0
6.425000 0
6.475000 0
6.525000 0
6.575000 0
6.625000 0
6.675000 0
6.725000 0
6.775000 0
6.825000 0
6.875000 0
6.925000 0
6.975000 0
7.025000 0
7.075000 0
7.125000 0
7.175000 0
7.225000 0
7.275000 0
7.325000 0
7.375000 0
7.425000 0
7.475000 0
7.525000 0
7.575000 0
7.625000 0
7.675000 0
7.725000 0
7.775000 0
7.825000 0
7.875000 0
7.925000 0
7.975000 0
8.025000 0
8.075000 0
8.125000 0
8.175000 0
8.225000 0
8.275000 0
8.325000 0
8.375000 0
8.425000 0
8.475000 0
8.525000 0
8.575000 0
8.625000 0
8.675000 0
8.725000 0
8.775000 0
8.825000 0
8.875000 0
8.925000 0
8.975000 0
9.025000 0
9.075000 0
9.125000 0
9.175000 0
9.225000 0
9.275000 0
9.325000 0
9.375000 0
9.425000 0
9.475000 0
9.525000 0
9.575000 0
9.625000 0
9.675000 0
9.725000 1
9.775000 1
9.825000 0
9.875000 2
9.925000 2
9.975000 1
10.025000 0
10.075000 2
10.125000 0
10.175000 0
10.225000 0
10.275000 0
10.325000 0
10.375000 0
10.425000 0
10.475000 0
10.525000 0
10.575000 0
10.625000 0
10.675000 0
10.725000 0
10.775000 0
10.825000 0
10.875000 0
10.925000 0
10.975000 0
11.025000 0
11.075000 0
11.125000 0
11.175000 0
11.225000 0
11.275000 0
11.325000 0
11.375000 0
11.425000 0
11.475000 0
11.525000 0
11.575000 0
11.625000 0
11.675000 0
11.725000 0
11.775000 0
11.825000 0
11.875000 0
11.925000 0
11.975000 0
12.025000 0
12.075000 0
12.125000 0
12.175000 0
12.225000 0
12.275000 0
12.325000 0
12.375000 0
12.425000 0
12.475000 0
12.525000 0
12.575000 0
12.625000 0
12.675000 0
12.725000 0
12.775000 0
12.825000 0
12.875000 0
12.925000 0
12.975000 0
13.025000 0
13.075000 0
13.125000 0
13.175000 0
13.225000 0
13.275000 0
13.325000 0
13.375000 0
13.425000 0
13.475000 0
13.525000 0
13.575000 0
13.625000 0
13.675000 0
13.725000 0
13.775000 0
13.825000 0
13.875000 0
13.925000 0
13.975000 0
14.025000 0
14.075000 0
14.125000 0
14.175000 0
14.225000 0
14.275000 0
14.325000 0
14.375000 0
14.425000 0
14.475000 0
14.525000 0
14.575000 0
14.625000 0
14.675000 0
14.725000 0
14.775000 0
14.825000 0
14.875000 0
14.925000 0
14.975000 0
15.025000 0
15.075000 0
15.125000 0
15.175000 0
15.225000 0
15.275000 0
15.325000 0
15.375000 0
15.425000 0
15.475000 0
15.525000 0
15.575000 0
15.625000 0
15.675000 0
15.725000 0
