-2.575000 0
-2.525000 0
-2.475000 0
-2.425000 0
-2.375000 0
-2.325000 0
-2.275000 0
-2.225000 0
-2.175000 0
-2.125000 0
-2.075000 0
-2.025000 0
-1.975000 0
-1.925000 0
-1.875000 0
-1.825000 0
-1.775000 0
-1.725000 0
-1.675000 0
-1.625000 0
-1.575000 0
-1.525000 0
-1.475000 0
-1.425000 0
-1.375000 0
-1.325000 0
-1.275000 0
-1.225000 0
-1.175000 0
-1.125000 0
-1.075000 0
-1.025000 0
-0.975000 0
-0.925000 0
-0.875000 0
-0.825000 0
-0.775000 0
-0.725000 0
-0.675000 0
-0.625000 0
-0.575000 0
-0.525000 0
-0.475000 0
-0.425000 0
-0.375000 0
-0.325000 0
-0.275000 0
-0.225000 0
-0.175000 0
-0.125000 0
-0.075000 2
-0.025000 0
0.025000 1
0.075000 2
0.125000 2
0.175000 0
0.225000 1
0.275000 1
0.325000 0
0.375000 0
0.425000 0
0.475000 0
0.525000 0
0.575000 0
0.625000 0
0.675000 0
0.725000 0
0.775000 0
0.825000 0
0.875000 0
0.925000 0
0.975000 0
1.025000 0
1.075000 0
1.125000 0
1.175000 0
1.225000 0
1.275000 0
1.325000 0
1.375000 0
1.425000 0
1.475000 0
1.525000 0
1.575000 0
1.625000 0
1.675000 0
1.725000 0
1.775000 0
1.825000 0
1.875000 0
1.925000 0
1.975000 0
2.025000 0
2.075000 0
2.125000 0
2.175000 0
2.225000 0
2.275000 0
2.325000 0
2.375000 0
2.425000 0
2.475000 0
2.525000 0
2.575000 0
