105,3,205948,155044,32, 33, 40
105,3,975438,165050,24, 40, 41
105,3,523223,195057,24, 40, 41
105,3,567672,205054,31, 32, 42
105,3,536054,200059,32, 32, 41
105,3,862416,70070,30, 32, 43
105,3,238059,70070,32, 32, 41
105,3,37249,50073,24, 40, 41
105,3,689496,165096,23, 40, 42
105,3,94293,145101,23, 41, 41
105,3,532862,40155,32, 32, 41
105,3,742289,40155,32, 32, 41
105,3,803080,40155,32, 32, 41
105,3,510914,40155,32, 32, 41
105,3,962245,75174,24, 40, 41
105,3,333153,15194,31, 32, 42
105,3,479899,185194,31, 32, 42
105,3,728206,185194,31, 32, 42
105,3,824430,20228,32, 32, 41
105,3,185997,35237,32, 33, 40
105,3,196680,210242,23, 41, 41
105,3,161705,241,23, 41, 41
105,3,809033,105255,31, 33, 41
105,3,707122,140274,23, 41, 41
105,3,833915,125275,23, 41, 41
105,3,114045,125275,23, 41, 41
105,3,659064,85258,31, 32, 42
105,3,401305,145285,23, 41, 41
105,3,801711,195281,22, 41, 42
105,3,527492,145285,24, 40, 41
105,3,172096,145285,23, 41, 41
105,3,711126,100260,23, 41, 41
105,3,84053,105314,32, 33, 40
105,3,812912,235320,30, 33, 42
105,3,251550,235351,31, 32, 42
105,3,807772,180377,23, 41, 41
105,3,475719,200394,32, 32, 41
105,3,375927,125406,31, 32, 42
105,3,57801,10423,32, 32, 41
105,3,150060,170438,32, 32, 41
105,3,498596,100436,31, 32, 42
105,3,360009,190493,14, 40, 51
105,3,475378,175522,24, 40, 41
105,3,511604,185488,24, 29, 52
105,3,538793,75484,23, 40, 42
105,3,746545,100474,24, 30, 51
105,3,583523,165523,31, 32, 42
105,3,870687,55515,23, 41, 41
105,3,883946,105538,32, 32, 41
105,3,238059,120568,32, 32, 41
105,3,965513,80526,31, 33, 41
105,3,303914,120572,23, 40, 42
105,3,455603,25588,31, 33, 41
105,3,575778,10544,32, 32, 41
105,3,767976,30610,24, 40, 41
105,3,980203,95600,23, 41, 41
105,3,524773,160637,32, 32, 41
105,3,518309,160679,23, 40, 42
105,3,40104,160679,24, 40, 41
105,3,393482,165698,30, 32, 43
105,3,591460,115660,23, 40, 42
105,3,870814,165725,31, 32, 42
105,3,870687,210735,23, 41, 41
105,3,634596,95699,23, 40, 42
105,3,307907,210741,31, 31, 43
105,3,723336,105736,23, 41, 41
105,3,583523,165745,31, 32, 42
105,3,476155,185733,31, 32, 42
105,3,695483,60737,23, 40, 42
105,3,457047,60737,23, 41, 41
105,3,372413,115725,23, 41, 41
105,3,304627,75766,30, 33, 42
105,3,985223,15795,23, 30, 52
105,3,242349,225838,30, 32, 43
105,3,266755,225838,32, 32, 41
105,3,802710,225838,32, 32, 41
105,3,440375,140767,30, 33, 42
105,3,659896,225838,30, 32, 43
105,3,700407,225838,32, 32, 41
105,3,20110,15815,24, 40, 41
105,3,583523,220774,31, 32, 42
105,3,924268,25839,31, 32, 42
105,3,921979,180867,32, 32, 41
105,3,390295,85831,32, 33, 40
105,3,104500,30834,23, 41, 41
105,3,791173,145843,31, 32, 42
105,3,75440,215887,23, 41, 41
105,3,320941,90883,31, 32, 42
105,3,285721,215890,22, 41, 42
105,3,476155,35901,31, 32, 42
105,3,884616,110884,23, 40, 42
105,3,68261,110886,23, 41, 41
105,3,581971,235956,23, 41, 41
105,3,713036,100891,31, 32, 42
105,3,944007,10911,24, 29, 52
105,3,392406,235990,30, 34, 41
105,3,532949,963,23, 30, 52
105,3,209783,211011,32, 33, 40
105,3,825343,196003,23, 41, 41
105,3,290453,196003,23, 41, 41
105,3,885862,16042,31, 33, 41
105,3,629082,176085,31, 32, 42
105,3,747909,191087,23, 40, 42
105,3,508434,131047,23, 41, 41
105,3,247759,116015,23, 40, 42
105,3,948940,116023,31, 32, 42
105,3,143063,86075,24, 40, 41
105,3,936178,11086,22, 41, 42
105,3,139015,86075,24, 40, 41
105,3,80721,86075,24, 40, 41
105,3,868303,86075,24, 40, 41
105,3,936178,141085,22, 41, 42
105,3,858038,136144,31, 33, 41
105,3,197373,1164,32, 32, 41
105,3,321584,211187,22, 41, 42
105,3,499082,76139,23, 41, 41
105,3,641743,201150,30, 33, 42
105,3,223145,141118,23, 32, 50
105,3,99651,101128,23, 41, 41
105,3,697605,161227,24, 40, 41
105,3,582100,221182,23, 41, 41
105,3,697472,171235,32, 32, 41
105,3,797053,146217,24, 39, 42
105,3,948071,1279,31, 32, 42
105,3,381074,11262,31, 32, 42
105,3,276249,161303,22, 40, 43
105,3,644135,16344,22, 41, 42
105,3,440706,101282,23, 41, 41
105,3,54758,1378,22, 41, 42
105,3,834871,136407,32, 32, 41
105,3,509670,176457,22, 41, 42
105,3,293462,236470,23, 41, 41
105,3,158681,46406,32, 32, 41
105,3,121926,56488,31, 32, 42
105,3,406061,21538,22, 41, 42
105,3,634596,51509,23, 40, 42
105,3,840349,106535,14, 40, 51
105,3,498596,31551,31, 31, 43
105,3,576629,106602,32, 32, 41
105,3,515306,21659,32, 32, 41
105,3,77962,131643,23, 41, 41
105,3,762587,46564,24, 40, 41
105,3,558149,131643,23, 41, 41
105,3,527492,46564,24, 40, 41
105,3,550235,171593,23, 40, 42
105,3,749816,226691,23, 30, 52
105,3,888114,126637,23, 41, 41
105,3,871178,1637,23, 40, 42
105,3,164994,151681,31, 33, 41
105,3,924901,166642,31, 32, 42
105,3,355877,81606,21, 42, 42
105,3,725358,206687,14, 39, 52
105,3,648139,156734,31, 32, 42
105,3,168058,71658,23, 40, 42
105,3,233166,131784,22, 41, 42
105,3,402908,166783,31, 33, 41
105,3,204799,106823,23, 41, 41
105,3,14916,211840,31, 33, 41
105,3,334448,156860,24, 40, 41
105,3,597813,171833,31, 32, 42
105,3,862894,171833,31, 32, 42
105,3,917702,46817,23, 41, 41
105,3,807320,211889,23, 41, 41
105,3,151783,76870,23, 41, 41
105,3,339654,6814,31, 33, 41
105,3,2977,191984,31, 32, 42
105,3,583523,231891,31, 32, 42
105,3,377039,61838,31, 32, 42
105,3,28055,46896,23, 40, 42
105,3,58789,136957,23, 40, 42
105,3,575380,196999,22, 41, 42
105,3,73210,46986,31, 32, 42
105,3,336084,237158,24, 40, 41
105,3,788338,237158,22, 41, 42
105,3,865507,192168,22, 41, 42
105,3,818746,72025,23, 30, 52
105,3,239609,72025,30, 33, 42
105,3,587378,222064,31, 33, 41
105,3,624342,72033,32, 32, 41
105,3,426176,22168,32, 32, 41
105,3,50479,72046,22, 41, 42
105,3,273682,167151,23, 41, 41
105,3,575778,32074,31, 32, 42
105,3,250717,22200,24, 40, 41
105,3,38198,152200,30, 32, 43
105,3,152200,212220,31, 32, 42
105,3,783994,197150,23, 41, 41
105,3,899194,67093,22, 41, 42
105,3,674505,57197,23, 30, 52
105,3,215166,197170,31, 32, 42
105,3,58789,117128,23, 40, 42
105,3,396608,162229,32, 32, 41
105,3,159836,162229,32, 32, 41
105,3,866280,87079,32, 32, 41
105,3,709318,87079,32, 32, 41
105,3,73210,182263,32, 32, 41
105,3,420317,237301,23, 41, 41
105,3,948814,182269,23, 41, 41
105,3,629082,102116,32, 32, 41
105,3,317765,82182,23, 41, 41
105,3,604378,72166,23, 40, 42
105,3,987358,157317,31, 33, 41
105,3,515306,37310,32, 32, 41
105,3,583523,192376,31, 32, 42
105,3,455048,102188,22, 41, 42
105,3,217944,137304,22, 41, 42
105,3,372413,147310,31, 33, 41
105,3,647948,82284,31, 34, 40
105,3,681232,172336,31, 33, 41
105,3,814014,182409,31, 32, 42
105,3,607387,177482,31, 32, 42
105,3,959056,237446,23, 40, 42
105,3,870687,127348,23, 41, 41
105,3,583523,72308,31, 32, 42
105,3,713036,192498,31, 33, 41
105,3,581971,182475,23, 41, 41
105,3,713036,232444,31, 33, 41
105,3,987358,142388,31, 33, 41
105,3,583523,42381,31, 32, 42
105,3,697472,102355,32, 32, 41
105,3,123264,62355,30, 33, 42
105,3,217991,172471,30, 33, 42
105,3,157917,217468,31, 32, 42
105,3,224451,42403,30, 33, 42
105,3,442453,132531,22, 41, 42
105,3,395839,132531,23, 41, 41
105,3,583523,2497,31, 32, 42
105,3,867948,117462,30, 32, 43
105,3,186012,157558,31, 32, 42
105,3,472046,67456,31, 33, 41
105,3,363606,12667,23, 40, 42
105,3,474502,217577,31, 33, 41
105,3,388044,27548,23, 41, 41
105,3,930944,42512,24, 40, 41
105,3,217991,122666,30, 33, 42
105,3,939931,7528,23, 41, 41
105,3,122864,22735,24, 30, 51
105,3,844054,72600,23, 41, 41
105,3,829557,107678,23, 41, 41
105,3,774736,182747,23, 41, 41
105,3,744209,87533,23, 40, 42
105,3,141865,182761,22, 41, 42
105,3,210115,87594,24, 30, 51
105,3,38547,137747,23, 40, 42
105,3,223609,137747,23, 41, 41
105,3,635418,172760,23, 41, 41
105,3,529040,172760,23, 41, 41
105,3,457493,232806,23, 41, 41
105,3,182043,232806,23, 40, 42
105,3,317559,77798,24, 40, 41
105,3,812032,132831,31, 32, 42
105,3,339654,182897,31, 33, 41
105,3,222627,147837,23, 41, 41
105,3,56900,117821,23, 40, 42
105,3,717323,7789,31, 32, 42
105,3,861442,32817,30, 33, 42
105,3,14021,172912,32, 32, 41
105,3,515306,72828,31, 32, 42
105,3,735657,23003,31, 33, 41
105,3,224846,2939,29, 33, 43
105,3,408239,42872,24, 40, 41
105,3,344524,7907,31, 31, 43
105,3,353535,102916,24, 40, 41
105,3,581968,23104,24, 40, 41
105,3,364377,77995,31, 33, 41
105,3,22872,53018,31, 33, 41
105,3,400017,38064,31, 33, 41
105,3,317559,23157,24, 40, 41
105,3,697472,38076,32, 32, 41
105,3,440304,28055,23, 40, 42
105,3,154460,28055,23, 39, 43
105,3,832955,28055,23, 41, 41
105,3,855826,13277,23, 41, 41
105,3,205062,18160,31, 32, 42
105,3,665381,58168,30, 33, 42
105,3,742247,198145,31, 32, 42
105,3,248694,143081,24, 40, 41
105,3,137747,108142,23, 40, 42
105,3,592097,208211,22, 41, 42
105,3,987358,73082,31, 33, 41
105,3,377039,38198,31, 32, 42
105,3,345045,38207,23, 40, 42
105,3,578243,238376,30, 33, 42
105,3,217991,88073,30, 33, 42
105,3,822027,48176,31, 33, 41
105,3,829183,53205,31, 31, 43
105,3,736318,223282,23, 40, 42
105,3,669440,108289,23, 30, 52
105,3,215166,53260,31, 32, 42
105,3,336562,128275,23, 40, 42
105,3,602116,28316,32, 32, 41
105,3,668858,28316,32, 32, 41
105,3,245935,28316,32, 32, 41
105,3,159237,28316,32, 32, 41
105,3,864987,28316,31, 32, 42
105,3,662207,28316,32, 32, 41
105,3,364829,28316,32, 32, 41
105,3,642242,28316,31, 32, 42
105,3,269421,238533,22, 41, 42
105,3,882665,113309,31, 33, 41
105,3,928676,218469,23, 41, 41
105,3,989481,23602,32, 32, 41
105,3,575380,143410,22, 41, 42
105,3,44410,58550,21, 42, 42
105,3,372413,18522,23, 41, 41
105,3,364377,143428,31, 33, 41
105,3,791173,138536,31, 32, 42
105,3,246138,128495,31, 33, 41
105,3,697472,193655,32, 32, 41
105,3,604378,68487,23, 41, 41
105,3,367303,128528,24, 39, 42
105,3,972219,113500,31, 32, 42
105,3,87079,178793,32, 32, 41
105,3,367545,98532,31, 32, 42
105,3,217163,193729,23, 41, 41
105,3,585741,193729,23, 41, 41
105,3,981779,23734,24, 40, 41
105,3,803175,113550,23, 41, 41
105,3,650769,158704,32, 32, 41
105,3,275275,228853,24, 40, 41
105,3,267625,93617,23, 41, 41
105,3,334833,93617,31, 33, 41
105,3,744048,158733,23, 41, 41
105,3,125741,158733,23, 41, 41
105,3,572459,228891,31, 32, 42
105,3,996294,63536,23, 41, 41
105,3,756442,63536,23, 41, 41
105,3,6310,128692,32, 32, 41
105,3,993096,138803,23, 41, 41
105,3,20110,178976,23, 40, 42
105,3,105538,33729,32, 32, 41
105,3,821149,158905,24, 40, 41
105,3,552122,158918,23, 41, 41
105,3,172474,163957,23, 40, 42
105,3,476604,14051,32, 32, 41
105,3,307016,98831,23, 41, 41
105,3,377046,239086,32, 32, 41
105,3,345762,33873,32, 32, 41
105,3,453122,33873,32, 32, 41
105,3,405951,33873,31, 32, 42
105,3,597546,33873,32, 32, 41
105,3,735657,148992,31, 33, 41
105,3,905417,223984,32, 33, 40
105,3,700402,14142,30, 33, 42
105,3,599560,164088,22, 41, 42
105,3,774736,188997,23, 41, 41
105,3,75484,139015,23, 41, 41
105,3,867948,88867,30, 33, 42
105,3,689496,83970,23, 40, 42
105,3,322159,204224,23, 41, 41
105,3,476604,79018,32, 32, 41
105,3,487365,14306,23, 39, 43
105,3,956418,9168,32, 32, 41
105,3,749967,159214,31, 32, 42
105,3,512428,159214,31, 32, 42
105,3,971932,159214,31, 32, 42
105,3,826766,169263,24, 40, 41
105,3,251550,119132,31, 32, 42
105,3,213232,164322,23, 41, 41
105,3,33508,199266,24, 40, 41
105,3,627748,99134,30, 33, 42
105,3,924268,84147,32, 32, 41
105,3,743022,79151,31, 33, 41
105,3,783719,44142,23, 41, 41
105,3,290572,124348,22, 41, 42
105,3,399762,114157,23, 41, 41
105,3,903416,184411,31, 32, 42
105,3,372375,134324,30, 32, 43
105,3,922182,224332,30, 34, 41
105,3,748069,74209,31, 32, 42
105,3,46817,214510,23, 41, 41
105,3,444126,149389,32, 32, 41
105,3,118303,9363,24, 40, 41
105,3,75440,214553,23, 41, 41
105,3,72025,129337,30, 34, 41
105,3,583523,139380,31, 32, 42
105,3,692334,74302,23, 41, 41
105,3,108592,179566,32, 32, 41
105,3,68261,114278,23, 41, 41
105,3,534065,34375,21, 37, 47
105,3,876191,179666,22, 41, 42
105,3,515306,14731,32, 32, 41
105,3,597813,69432,31, 32, 42
105,3,586487,44410,21, 42, 42
105,3,336249,199624,24, 40, 41
105,3,828166,159630,22, 41, 42
105,3,317559,104520,24, 40, 41
105,3,181709,94513,32, 33, 40
105,3,601080,104537,31, 33, 41
105,3,214713,104537,32, 33, 40
105,3,890199,189615,30, 33, 42
105,3,18633,169742,31, 32, 42
105,3,587378,89511,31, 33, 41
105,3,583523,174735,31, 32, 42
105,3,599560,44586,22, 41, 42
105,3,228904,204854,30, 33, 42
105,3,897209,44622,24, 39, 42
105,3,369619,79650,32, 33, 40
105,3,164798,9787,23, 30, 52
105,3,498596,114666,31, 32, 42
105,3,870814,84689,31, 32, 42
105,3,202020,64603,23, 40, 42
105,3,372413,214980,23, 41, 41
105,3,656918,54750,23, 40, 42
105,3,308705,54754,30, 33, 42
105,3,281122,255012,30, 34, 41
105,3,897991,255012,30, 34, 41
105,3,101153,164953,22, 41, 42
105,3,253560,139851,24, 40, 41
105,3,833657,129816,32, 32, 41
105,3,109808,164992,32, 33, 40
105,3,719965,245130,32, 32, 41
105,3,911144,39901,30, 33, 42
105,3,828904,79775,31, 33, 41
105,3,977596,104814,31, 32, 42
105,3,611427,109941,23, 31, 51
105,3,525837,109941,31, 33, 41
105,3,571106,320006,23, 30, 52
105,3,12515,149984,31, 32, 42
105,3,65228,295070,23, 30, 52
105,3,977723,295070,23, 30, 52
105,3,351795,250233,30, 33, 42
105,3,659064,84887,31, 33, 41
105,3,735657,320066,31, 32, 42
105,3,410958,104915,23, 41, 41
105,3,476604,74907,32, 32, 41
105,3,597813,104936,32, 32, 41
105,3,364377,34964,31, 33, 41
105,3,552122,405004,23, 41, 41
105,3,264713,405004,23, 41, 41
105,3,970684,305126,22, 41, 42
105,3,166218,265277,22, 41, 42
105,3,464705,285280,23, 40, 42
105,3,56172,285280,23, 40, 42
105,3,735657,305221,31, 32, 42
105,3,68935,460035,22, 41, 42
105,3,104500,315260,22, 41, 42
105,3,843190,270438,32, 32, 41
105,3,914627,270438,31, 33, 41
105,3,360271,270438,31, 33, 41
105,3,854880,350322,23, 41, 41
105,3,335862,405246,23, 32, 50
105,3,251550,465114,31, 32, 42
105,3,471810,280464,23, 41, 41
105,3,743022,455193,31, 34, 40
105,3,315570,265514,23, 41, 41
105,3,903416,375356,31, 32, 42
105,3,505112,240655,31, 33, 41
105,3,641155,290502,23, 41, 41
105,3,956418,270568,32, 32, 41
105,3,141940,275561,24, 40, 41
105,3,308705,350464,30, 33, 42
105,3,678473,300488,23, 41, 41
105,3,924268,340485,31, 32, 42
105,3,321860,345502,23, 41, 41
105,3,96841,425381,31, 32, 42
105,3,625934,360506,22, 41, 42
105,3,406056,400425,23, 41, 41
105,3,822064,410438,22, 41, 42
105,3,532949,355518,23, 41, 41
105,3,807320,300594,23, 41, 41
105,3,945060,355522,31, 33, 41
105,3,372413,475310,23, 41, 41
105,3,689119,290644,23, 41, 41
105,3,938913,290644,23, 40, 42
105,3,256189,290644,23, 41, 41
105,3,86075,290644,24, 40, 41
105,3,840444,445410,22, 41, 42
105,3,217991,395508,30, 33, 42
105,3,969477,295688,32, 32, 41
105,3,188709,260728,32, 32, 41
105,3,648596,325618,31, 33, 41
105,3,783719,425491,23, 41, 41
105,3,936178,315658,22, 41, 42
105,3,800569,325666,31, 32, 42
105,3,781342,455479,31, 33, 41
105,3,785860,305642,24, 40, 41
105,3,105538,445509,32, 32, 41
105,3,329120,400574,23, 41, 41
105,3,643296,360678,31, 32, 42
105,3,942798,430561,23, 40, 42
105,3,707206,430561,23, 40, 42
105,3,676617,465490,23, 41, 41
105,3,320976,330719,24, 40, 41
105,3,196003,425601,23, 41, 41
105,3,416279,265888,32, 32, 41
105,3,735657,280850,31, 32, 42
105,3,66821,315836,23, 41, 41
105,3,217991,325796,30, 33, 42
105,3,169377,335862,23, 41, 41
105,3,837016,335862,23, 41, 41
105,3,536705,475558,31, 33, 41
105,3,15795,455637,23, 40, 42
105,3,324161,270945,23, 41, 41
105,3,104500,420697,23, 41, 41
105,3,64159,440706,23, 40, 42
105,3,241215,440706,23, 41, 41
105,3,220449,440706,23, 41, 41
105,3,803142,270989,23, 40, 42
105,3,211011,450731,32, 32, 41
105,3,241,450732,23, 41, 41
105,3,959056,385801,23, 40, 42
105,3,341474,410833,22, 41, 42
105,3,22872,266064,31, 33, 41
105,3,319078,395839,23, 41, 41
105,3,14916,325928,31, 33, 41
105,3,409782,350976,31, 32, 42
105,3,735657,420798,31, 32, 42
105,3,735657,395854,31, 32, 42
105,3,48364,395860,32, 32, 41
105,3,160811,445759,22, 41, 42
105,3,58789,390924,23, 40, 42
105,3,993780,445778,23, 40, 42
105,3,416539,410920,23, 41, 41
105,3,233549,371022,32, 32, 41
105,3,251550,296157,31, 32, 42
105,3,721159,311113,31, 32, 42
105,3,364377,381047,31, 33, 41
105,3,583523,246340,31, 32, 42
105,3,339654,261199,31, 33, 41
105,3,611449,341113,31, 33, 41
105,3,676190,301171,31, 32, 42
105,3,282936,475860,22, 41, 42
105,3,768514,406057,32, 32, 41
105,3,141940,441004,24, 40, 41
105,3,187679,441034,32, 33, 40
105,3,946001,246469,32, 33, 40
105,3,428950,271329,23, 41, 41
105,3,56900,471045,23, 40, 42
105,3,421851,256455,23, 40, 42
105,3,30096,451071,31, 33, 41
105,3,537210,246544,23, 41, 41
105,3,225470,246544,22, 41, 42
105,3,726323,436128,22, 41, 42
105,3,166218,256492,22, 41, 42
105,3,11247,251576,32, 32, 41
105,3,783719,441181,23, 41, 41
105,3,233549,456139,32, 32, 41
105,3,699550,261458,32, 32, 41
105,3,625743,411237,23, 41, 41
105,3,577107,411237,23, 41, 41
105,3,583523,291409,31, 31, 43
105,3,675653,356343,23, 41, 41
105,3,127090,416279,31, 32, 42
105,3,689119,291456,23, 41, 41
105,3,930944,401305,23, 41, 41
105,3,742887,401305,23, 40, 42
105,3,680205,321457,31, 32, 42
105,3,920535,326428,30, 33, 42
105,3,901251,321470,32, 32, 41
105,3,378492,256613,24, 40, 41
105,3,351207,476155,31, 33, 41
105,3,202293,476155,31, 32, 42
105,3,33406,476155,31, 32, 42
105,3,414754,476155,31, 32, 42
105,3,673367,341487,22, 31, 52
105,3,941998,476155,31, 33, 41
105,3,869120,476155,31, 32, 42
105,3,212491,476155,31, 32, 42
105,3,780690,476155,31, 33, 41
105,3,935516,476155,31, 32, 42
105,3,479481,476155,31, 32, 42
105,3,147300,476155,31, 32, 42
105,3,105538,286696,32, 32, 41
105,3,831587,286696,31, 33, 41
105,3,372413,356487,23, 41, 41
105,3,165146,366540,31, 32, 42
105,3,414127,386470,24, 40, 41
105,3,372413,466370,23, 41, 41
105,3,79816,261715,25, 39, 41
105,3,604210,446409,32, 32, 41
105,3,931917,381619,31, 32, 42
105,3,390040,466398,23, 41, 41
105,3,470878,466407,24, 40, 41
105,3,634596,291687,23, 40, 42
105,3,112565,336723,22, 41, 42
105,3,689496,246940,24, 40, 41
105,3,876191,281794,22, 41, 42
105,3,148970,476375,32, 33, 40
105,3,777908,321707,32, 33, 40
105,3,955444,311796,30, 33, 42
105,3,494722,266854,22, 41, 42
105,3,339654,252048,31, 33, 41
105,3,611449,286897,31, 33, 41
105,3,689119,286901,23, 41, 41
105,3,86075,286901,24, 40, 41
105,3,20110,436620,23, 40, 42
105,3,476155,306723,31, 32, 42
105,3,867948,276924,30, 33, 42
105,3,249521,416625,14, 40, 51
105,3,449147,476488,23, 41, 41
105,3,588777,306798,23, 41, 41
105,3,604827,321860,23, 41, 41
105,3,661998,471709,32, 32, 41
105,3,455603,356802,31, 33, 41
105,3,801711,291917,31, 32, 42
105,3,654609,336958,24, 40, 41
105,3,833280,396833,30, 32, 43
105,3,16357,396833,30, 32, 43
105,3,686902,396833,32, 32, 41
105,3,188576,396833,32, 33, 40
105,3,176039,396833,32, 32, 41
105,3,917077,396833,32, 32, 41
105,3,296350,396833,32, 32, 41
105,3,14916,291960,31, 33, 41
105,3,697472,471750,32, 32, 41
105,3,125275,341951,23, 40, 42
105,3,166218,441760,22, 41, 42
105,3,659064,282087,31, 32, 42
105,3,410034,471810,23, 30, 52
105,3,515761,416832,22, 41, 42
105,3,566956,421851,23, 41, 41
105,3,558189,466785,31, 32, 42
105,3,948940,312102,31, 32, 42
105,3,735657,416853,31, 32, 42
105,3,108449,426914,23, 40, 42
105,3,930378,421891,23, 41, 41
105,3,750587,377046,31, 32, 42
105,3,676065,307016,23, 40, 42
105,3,869763,416906,24, 40, 41
105,3,338073,267250,32, 32, 41
105,3,697472,357022,32, 32, 41
105,3,577110,292168,31, 33, 41
105,3,20110,412002,24, 40, 41
105,3,349489,327181,23, 41, 41
105,3,5723,427063,30, 33, 42
105,3,456923,392042,31, 32, 42
105,3,180377,297280,23, 40, 42
105,3,948999,317296,31, 32, 42
105,3,317559,242516,23, 40, 42
105,3,819067,352316,22, 41, 42
105,3,500486,412097,23, 41, 41
105,3,944333,392108,31, 32, 42
105,3,946001,337318,32, 33, 40
105,3,100260,392130,23, 41, 41
105,3,845117,392130,23, 41, 41
105,3,583523,352397,31, 32, 42
105,3,753117,367289,22, 40, 43
105,3,372375,372349,31, 32, 42
105,3,353730,292419,22, 41, 42
105,3,634596,462219,23, 40, 42
105,3,372413,337422,23, 41, 41
105,3,363722,467121,32, 32, 41
105,3,28316,467128,32, 32, 41
105,3,481528,312502,25, 39, 41
105,3,536919,457232,31, 33, 41
105,3,666344,407333,31, 32, 42
105,3,923417,272474,23, 41, 41
105,3,601313,272474,23, 41, 41
105,3,172682,402316,23, 40, 42
105,3,814014,352572,32, 32, 41
105,3,32714,477140,31, 32, 42
105,3,644135,297593,21, 42, 42
105,3,982339,307434,23, 41, 41
105,3,713036,372489,31, 33, 41
105,3,584034,267666,32, 32, 41
105,3,735657,397412,31, 32, 42
105,3,22872,332539,31, 33, 41
105,3,195731,427398,31, 32, 42
105,3,80419,427398,31, 33, 41
105,3,924268,267676,31, 32, 42
105,3,362558,277697,24, 30, 51
105,3,743836,357428,31, 31, 43
105,3,634596,267705,23, 40, 42
105,3,395860,242902,32, 32, 41
105,3,47865,392439,23, 40, 42
105,3,719965,402522,32, 32, 41
105,3,992015,407538,24, 39, 42
105,3,250233,437490,31, 33, 41
105,3,51672,317765,23, 41, 41
105,3,288538,317765,23, 41, 41
105,3,217991,377682,23, 40, 42
105,3,587378,447447,32, 33, 40
105,3,832523,447447,32, 33, 40
105,3,476155,402576,31, 32, 42
105,3,777908,427556,32, 33, 40
105,3,288532,297811,23, 41, 41
105,3,924268,332723,31, 32, 42
105,3,840444,412555,22, 41, 42
105,3,710586,342711,24, 40, 41
105,3,23360,272787,23, 41, 41
105,3,689496,332745,23, 40, 42
105,3,590248,407615,31, 33, 41
105,3,555244,277915,23, 41, 41
105,3,133108,307681,22, 41, 42
105,3,44075,407615,31, 33, 41
105,3,844054,447537,23, 30, 52
105,3,123264,372795,30, 33, 42
105,3,706003,447585,22, 41, 42
105,3,614008,337901,31, 33, 41
105,3,353730,427695,23, 40, 42
105,3,257728,467564,31, 34, 40
105,3,994680,467564,31, 34, 40
105,3,128372,332860,31, 33, 41
105,3,2975,332860,31, 33, 41
105,3,814014,422695,31, 32, 42
105,3,627748,477508,30, 33, 42
105,3,327170,258095,23, 40, 42
105,3,275173,332903,22, 41, 42
105,3,60737,362905,23, 41, 41
105,3,713036,437768,31, 33, 41
105,3,611449,442734,31, 33, 41
105,3,957616,457743,22, 41, 42
105,3,125784,347963,32, 32, 41
105,3,999089,338017,31, 32, 42
105,3,843190,382985,32, 32, 41
105,3,388044,467725,23, 31, 51
105,3,505088,417825,30, 33, 42
105,3,84053,422885,32, 33, 40
105,3,217991,442856,30, 33, 42
105,3,623842,437932,22, 41, 42
105,3,988647,338136,31, 32, 42
105,3,556511,338136,31, 32, 42
105,3,315385,338136,31, 32, 42
105,3,693265,338136,31, 32, 42
105,3,836980,477681,24, 40, 41
105,3,7907,392921,31, 33, 41
105,3,880786,278300,23, 41, 41
105,3,512428,328162,30, 32, 43
105,3,971932,328162,30, 32, 43
105,3,992857,328162,31, 32, 42
105,3,938810,398018,23, 41, 41
105,3,334161,392949,22, 41, 42
105,3,453230,463001,23, 41, 41
105,3,233549,343148,32, 32, 41
105,3,697605,268369,24, 40, 41
105,3,240220,447934,22, 41, 42
105,3,528544,477807,30, 34, 41
105,3,783719,258429,23, 41, 41
105,3,659064,333243,31, 32, 42
105,3,800569,413046,32, 32, 41
105,3,233549,378228,32, 32, 41
105,3,20110,253559,24, 40, 41
105,3,986859,283401,23, 41, 41
105,3,84053,408105,32, 33, 40
105,3,165146,403145,31, 32, 42
105,3,617738,358133,31, 32, 42
105,3,505568,368193,23, 41, 41
105,3,428426,253644,23, 41, 41
105,3,567672,303395,31, 32, 42
105,3,364377,313412,31, 33, 41
105,3,735657,308291,31, 32, 42
105,3,600755,443172,22, 41, 42
105,3,791173,293470,31, 31, 43
105,3,22872,258606,32, 33, 40
105,3,326062,313460,23, 41, 41
105,3,58844,313460,23, 41, 41
105,3,599560,383444,22, 41, 42
105,3,726323,428269,22, 41, 42
105,3,535802,477980,31, 33, 41
105,3,172096,268620,23, 41, 41
105,3,821993,268644,23, 40, 42
105,3,832984,243833,30, 33, 42
105,3,952383,348529,31, 33, 41
105,3,274405,463401,32, 33, 40
105,3,962806,308490,30, 33, 42
105,3,697472,438411,32, 32, 41
105,3,498266,363606,23, 41, 41
105,3,745665,363606,23, 41, 41
105,3,765522,363625,30, 33, 42
105,3,726323,418440,22, 41, 42
105,3,735657,293737,31, 32, 42
105,3,466407,373641,24, 30, 51
105,3,762440,438484,23, 41, 41
105,3,701422,393505,31, 32, 42
105,3,409005,393505,31, 32, 42
105,3,876191,403582,22, 41, 42
105,3,1164,298822,32, 32, 41
105,3,723336,303768,23, 41, 41
105,3,166218,398637,22, 41, 42
105,3,735657,423601,31, 32, 42
105,3,275275,478329,24, 40, 41
105,3,670677,278945,32, 32, 41
105,3,814014,323809,32, 32, 41
105,3,697472,408655,32, 32, 41
105,3,549112,388628,22, 32, 51
105,3,601313,468546,23, 40, 42
105,3,32714,248985,31, 32, 42
105,3,583523,463669,31, 32, 42
105,3,240220,323893,23, 41, 41
105,3,914627,308770,31, 33, 41
105,3,498596,363909,31, 31, 43
105,3,429261,418693,23, 40, 42
105,3,199990,473768,31, 33, 41
105,3,697472,263999,32, 32, 41
105,3,803828,269165,23, 40, 42
105,3,494142,269165,23, 40, 42
105,3,980206,384010,24, 40, 41
105,3,697472,448683,32, 32, 41
105,3,870814,249189,31, 32, 42
105,3,952490,364010,23, 29, 53
105,3,66821,294122,23, 41, 41
105,3,802485,463886,22, 41, 42
105,3,290940,463886,23, 41, 41
105,3,963058,433906,23, 41, 41
105,3,139327,249252,23, 40, 42
105,3,808061,428950,23, 40, 42
105,3,692970,428950,23, 41, 41
105,3,964360,244438,32, 33, 40
105,3,455603,329152,31, 32, 42
105,3,884092,409005,32, 32, 41
105,3,252434,409005,31, 33, 41
105,3,430561,409010,23, 40, 42
105,3,162229,294271,31, 32, 42
105,3,783719,468932,23, 41, 41
105,3,735657,478738,31, 32, 42
105,3,166218,354252,22, 41, 42
105,3,307615,404054,23, 30, 52
105,3,261715,289411,24, 40, 41
105,3,184923,334260,31, 33, 41
105,3,172682,429066,23, 40, 42
105,3,406061,389052,22, 41, 42
105,3,133797,259513,23, 41, 41
105,3,321135,254536,24, 40, 41
105,3,831587,424109,31, 33, 41
105,3,476155,364285,31, 32, 42
105,3,166218,274382,22, 41, 42
105,3,722440,444126,32, 32, 41
105,3,783719,394144,23, 41, 41
105,3,719965,329363,32, 32, 41
105,3,141940,294475,31, 34, 40
105,3,581968,279545,24, 40, 41
105,3,364377,424225,31, 33, 41
105,3,68935,374383,23, 41, 41
105,3,735657,274494,31, 32, 42
105,3,694708,429312,24, 30, 51
105,3,581968,279634,24, 40, 41
105,3,831587,299582,31, 33, 41
105,3,502781,449147,23, 41, 41
105,3,760956,449147,23, 41, 41
105,3,975438,309396,24, 40, 41
105,3,10922,469295,31, 33, 41
105,3,459590,389339,23, 41, 41
105,3,689496,344568,23, 40, 42
105,3,476604,404376,32, 32, 41
105,3,92083,459347,32, 32, 41
105,3,149013,384608,31, 32, 42
105,3,265205,274675,22, 41, 42
105,3,979888,274675,22, 41, 42
105,3,47865,429504,23, 40, 42
105,3,7528,480001,23, 41, 41
105,3,185354,269916,23, 41, 41
105,3,166218,359545,22, 41, 42
105,3,12515,259970,31, 32, 42
105,3,718763,409544,30, 32, 43
105,3,195746,354756,23, 41, 41
105,3,582100,314808,23, 41, 41
105,3,233549,424601,32, 32, 41
105,3,777908,409608,32, 32, 41
105,3,643296,324735,32, 32, 41
105,3,735657,424634,31, 32, 42
105,3,243846,299889,24, 40, 41
105,3,407654,299889,24, 40, 41
105,3,118303,344842,24, 40, 41
105,3,921979,459614,32, 32, 41
105,3,596653,444633,23, 41, 41
105,3,379642,309789,31, 32, 42
105,3,583523,314971,31, 31, 43
105,3,875285,439614,23, 41, 41
105,3,150060,344930,31, 32, 42
105,3,976704,439614,23, 41, 41
105,3,867948,510062,30, 33, 42
105,3,676617,399794,23, 41, 41
105,3,428426,379984,23, 41, 41
105,3,800300,389716,30, 33, 42
105,3,481860,459685,31, 32, 42
105,3,818190,444691,23, 41, 41
105,3,401305,444691,23, 40, 42
105,3,871226,444691,24, 40, 41
105,3,416539,444691,23, 41, 41
105,3,567672,469743,31, 32, 42
105,3,320976,324919,24, 40, 41
105,3,476604,520075,32, 32, 41
105,3,575778,449616,32, 33, 40
105,3,919622,434783,23, 41, 41
105,3,13639,580013,14, 41, 50
105,3,672407,580037,30, 33, 42
105,3,288532,600011,23, 41, 41
105,3,946690,480399,24, 30, 51
105,3,910193,444766,30, 33, 42
105,3,92173,600024,31, 32, 42
105,3,274098,520176,24, 40, 41
105,3,723315,404897,32, 32, 41
105,3,183488,394918,31, 32, 42
105,3,228578,505282,23, 30, 52
105,3,502256,590194,23, 41, 41
105,3,11247,454823,32, 32, 41
105,3,596653,635029,23, 41, 41
105,3,3120,394998,31, 33, 41
105,3,506188,394998,31, 33, 41
105,3,959056,650007,23, 40, 42
105,3,634596,650007,23, 40, 42
105,3,890780,635057,32, 32, 41
105,3,610285,490456,31, 32, 42
105,3,735657,480608,31, 32, 42
105,3,364377,454928,31, 33, 41
105,3,870687,530398,23, 41, 41
105,3,970684,700009,22, 41, 42
105,3,424140,645161,23, 41, 41
105,3,610285,605291,30, 32, 43
105,3,393505,605291,31, 32, 42
105,3,299382,575380,22, 41, 42
105,3,662516,575380,22, 41, 42
105,3,460414,575380,22, 41, 42
105,3,101191,575380,22, 41, 42
105,3,610337,575380,22, 41, 42
105,3,914819,575380,22, 41, 42
105,3,689119,555408,23, 41, 41
105,3,469500,685167,31, 33, 41
105,3,772368,610285,32, 32, 41
105,3,486864,685167,31, 33, 41
105,3,991055,610285,32, 32, 41
105,3,910470,685167,31, 32, 42
105,3,537126,685167,31, 33, 41
105,3,575678,605361,23, 30, 52
105,3,840444,615297,22, 41, 42
105,3,217991,570418,22, 41, 42
105,3,777908,630275,32, 32, 41
105,3,994101,490630,31, 33, 41
105,3,687279,520550,31, 33, 41
105,3,830367,635270,21, 41, 43
105,3,78531,680205,32, 32, 41
105,3,885630,680205,32, 33, 40
105,3,712562,680205,31, 32, 42
105,3,20110,510602,23, 40, 42
105,3,399762,575472,23, 41, 41
105,3,157917,665246,31, 32, 42
105,3,263324,590492,22, 37, 46
105,3,555915,510623,23, 41, 41
105,3,725933,560537,24, 40, 41
105,3,610285,535537,32, 32, 41
105,3,337494,660300,23, 41, 41
105,3,768125,545598,22, 41, 42
105,3,737120,690292,23, 41, 41
105,3,339654,500725,31, 33, 41
105,3,707823,695267,23, 40, 42
105,3,923582,695270,32, 32, 41
105,3,615093,660344,24, 30, 51
105,3,426105,660344,24, 30, 51
105,3,970941,660344,24, 40, 41
105,3,968918,660344,24, 29, 52
105,3,735657,585593,31, 32, 42
105,3,697472,585595,32, 32, 41
105,3,729153,630441,32, 33, 40
105,3,713036,645420,31, 31, 43
105,3,781707,695316,32, 32, 41
105,3,856612,640435,31, 33, 41
105,3,224451,550648,30, 33, 42
105,3,581968,585701,24, 40, 41
105,3,710726,630562,23, 41, 41
105,3,240220,535726,23, 41, 41
105,3,447201,690480,23, 41, 41
105,3,302480,520861,23, 40, 42
105,3,217991,640548,30, 33, 42
105,3,129960,595750,23, 41, 41
105,3,28098,695444,31, 32, 42
105,3,3734,700402,30, 33, 42
105,3,915652,700402,23, 30, 52
105,3,735657,665546,31, 32, 42
105,3,764630,605739,23, 40, 42
105,3,560211,535786,23, 40, 42
105,3,931917,535786,23, 40, 42
105,3,41987,625685,23, 40, 42
105,3,939075,640626,24, 40, 41
105,3,251550,660587,31, 32, 42
105,3,605739,565882,23, 40, 42
105,3,587378,496119,31, 33, 41
105,3,137747,605806,23, 41, 41
105,3,610017,705455,23, 41, 41
105,3,936178,690634,22, 41, 42
105,3,435635,535871,24, 40, 41
105,3,30096,635691,31, 33, 41
105,3,18937,690664,22, 41, 42
105,3,871483,550906,24, 30, 51
105,3,634596,625788,23, 40, 42
105,3,439614,496192,23, 40, 42
105,3,824430,565969,31, 32, 42
105,3,648860,660682,32, 32, 41
105,3,921166,660682,31, 32, 42
105,3,320941,615823,31, 32, 42
105,3,965644,640770,23, 41, 41
105,3,758191,715483,30, 33, 42
105,3,899194,650733,22, 41, 42
105,3,924268,575974,32, 32, 41
105,3,358897,650769,32, 32, 41
105,3,28601,650769,32, 32, 41
105,3,659432,650769,32, 32, 41
105,3,642950,650769,31, 32, 42
105,3,928054,650769,32, 32, 41
105,3,886328,650794,32, 32, 41
105,3,64381,690804,32, 32, 41
105,3,455603,496373,31, 33, 41
105,3,130934,695745,24, 30, 51
105,3,992015,670862,24, 40, 41
105,3,133797,561119,31, 33, 41
105,3,317765,571055,23, 41, 41
105,3,650769,645865,32, 32, 41
105,3,979598,601080,31, 32, 42
105,3,717323,581120,31, 32, 42
105,3,668492,531307,32, 32, 41
105,3,251550,491358,31, 32, 42
105,3,47865,541255,24, 40, 41
105,3,282384,566255,31, 32, 42
105,3,924268,690955,32, 32, 41
105,3,829454,611139,23, 41, 41
105,3,390025,496542,32, 32, 41
105,3,873111,496542,31, 33, 41
105,3,583523,626143,31, 32, 42
105,3,20212,676078,31, 33, 41
105,3,68935,710887,23, 41, 41
105,3,372413,705895,23, 41, 41
105,3,317984,701000,30, 33, 42
105,3,238059,611294,32, 32, 41
105,3,20110,696017,24, 40, 41
105,3,372413,486678,23, 41, 41
105,3,634596,506518,23, 40, 42
105,3,866811,546420,32, 32, 41
105,3,383426,671182,31, 33, 41
105,3,107678,591417,23, 40, 42
105,3,45401,606364,24, 40, 41
105,3,486763,596430,32, 32, 41
105,3,115380,511585,23, 41, 41
105,3,924268,571409,31, 32, 42
105,3,609778,596489,23, 30, 52
105,3,924268,716024,32, 32, 41
105,3,356113,606473,23, 40, 42
105,3,247759,561556,24, 40, 41
105,3,343904,616405,31, 32, 42
105,3,613226,561571,24, 40, 41
105,3,726323,626488,22, 41, 42
105,3,397362,711126,23, 41, 41
105,3,893070,711126,23, 41, 41
105,3,812186,526718,31, 32, 42
105,3,364377,586536,31, 33, 41
105,3,583523,621473,31, 32, 42
105,3,317559,566648,24, 40, 41
105,3,110750,671390,24, 29, 52
105,3,924268,691399,31, 32, 42
105,3,959056,546721,23, 40, 42
105,3,637171,561706,31, 33, 41
105,3,634596,546721,23, 40, 42
105,3,859546,506820,31, 33, 41
105,3,598076,487009,31, 33, 41
105,3,406061,681434,22, 41, 42
105,3,572182,641536,23, 41, 41
105,3,221148,536729,23, 41, 41
105,3,338136,636587,31, 32, 42
105,3,251550,606725,31, 31, 43
105,3,740426,676583,31, 32, 42
105,3,508434,516854,23, 41, 41
105,3,263477,681558,32, 32, 41
105,3,596202,591857,23, 31, 51
105,3,689496,566910,23, 40, 42
105,3,794875,497196,32, 33, 40
105,3,924268,511970,31, 32, 42
105,3,298750,621775,30, 32, 43
105,3,585746,566956,23, 40, 42
105,3,394998,671669,31, 32, 42
105,3,814014,541940,31, 32, 42
105,3,858927,512004,24, 40, 41
105,3,735657,492079,31, 32, 42
105,3,689230,497342,31, 32, 42
105,3,575380,646737,22, 41, 42
105,3,951560,497342,31, 32, 42
105,3,47865,711532,23, 40, 42
105,3,583523,691726,31, 32, 42
105,3,123264,686791,30, 34, 41
105,3,344524,512129,31, 31, 43
105,3,197717,502256,23, 41, 41
105,3,757191,696692,31, 32, 42
105,3,87079,636890,32, 32, 41
105,3,480508,626997,23, 41, 41
105,3,487365,592188,23, 39, 43
105,3,697620,706729,31, 31, 43
105,3,587378,492297,31, 33, 41
105,3,187679,552226,32, 32, 41
105,3,217457,557139,23, 30, 52
105,3,764630,691920,23, 41, 41
105,3,604378,637026,23, 41, 41
105,3,942668,582124,31, 33, 41
105,3,856397,592241,23, 41, 41
105,3,344970,642030,14, 41, 50
105,3,647825,657111,24, 40, 41
105,3,689496,666959,23, 40, 42
105,3,551532,587230,23, 40, 42
105,3,335862,572182,23, 41, 41
105,3,689496,662006,23, 40, 42
105,3,165146,542326,31, 32, 42
105,3,970684,567353,22, 41, 42
105,3,589989,582239,23, 41, 41
105,3,321348,637171,31, 33, 41
105,3,660253,592388,31, 33, 41
105,3,440676,547415,32, 33, 40
105,3,550753,677184,23, 41, 41
105,3,986061,682052,32, 32, 41
105,3,393505,682052,32, 32, 41
105,3,421157,642186,14, 40, 51
105,3,747909,567435,23, 40, 42
105,3,233549,627303,32, 32, 41
105,3,95246,562521,32, 33, 40
105,3,68308,487699,32, 32, 41
105,3,794500,652136,24, 30, 51
105,3,816717,567486,30, 32, 43
105,3,128379,682134,32, 32, 41
105,3,217991,567497,30, 33, 42
105,3,796223,557398,25, 29, 51
105,3,924268,682174,32, 32, 41
105,3,46934,562639,23, 40, 42
105,3,295195,587480,22, 41, 42
105,3,601313,537476,23, 41, 41
105,3,317765,702164,23, 41, 41
105,3,583523,692297,31, 32, 42
105,3,267625,632445,23, 41, 41
105,3,999852,677433,31, 32, 42
105,3,559164,592637,32, 32, 41
105,3,930944,512746,24, 39, 42
105,3,844054,542706,23, 40, 42
105,3,290572,682377,22, 41, 42
105,3,634596,483088,23, 40, 42
105,3,923818,498063,24, 40, 41
105,3,587378,587644,31, 33, 41
105,3,192907,637567,23, 41, 41
105,3,802485,587674,22, 41, 42
105,3,121926,667406,31, 32, 42
105,3,743836,687575,31, 31, 43
105,3,689496,672562,23, 40, 42
105,3,30096,527921,31, 33, 41
105,3,22660,692507,23, 41, 41
105,3,793585,597813,31, 32, 42
105,3,877535,597813,31, 32, 42
105,3,802334,597813,31, 32, 42
105,3,666032,597813,31, 32, 42
105,3,693047,597813,31, 32, 42
105,3,172682,537746,23, 40, 42
105,3,878979,627748,30, 33, 42
105,3,881118,552881,22, 41, 42
105,3,766764,627748,30, 33, 42
105,3,538161,637712,23, 41, 41
105,3,769472,612826,23, 40, 42
105,3,870687,637729,23, 41, 41
105,3,29864,662575,31, 33, 41
105,3,467230,523084,23, 41, 41
105,3,824430,677746,32, 32, 41
105,3,201744,677771,23, 41, 41
105,3,814014,568004,31, 32, 42
105,3,317559,677771,24, 40, 41
105,3,993780,483318,24, 39, 42
105,3,139872,523136,23, 41, 41
105,3,281861,523136,23, 41, 41
105,3,254637,692680,31, 32, 42
105,3,410,622901,23, 41, 41
105,3,7979,632826,32, 32, 41
105,3,855826,702620,23, 41, 41
105,3,678784,717534,31, 32, 42
105,3,440159,717534,32, 32, 41
105,3,889827,717534,32, 32, 41
105,3,797518,717534,32, 32, 41
105,3,372413,568114,23, 41, 41
105,3,680518,662801,31, 32, 42
105,3,946001,513225,32, 32, 41
105,3,428950,558113,23, 41, 41
105,3,948940,613145,31, 32, 42
105,3,233549,647888,31, 33, 41
105,3,710802,558189,32, 32, 41
105,3,980206,692970,24, 40, 41
105,3,777580,647963,23, 30, 52
105,3,675653,573178,23, 41, 41
105,3,211262,573178,23, 41, 41
105,3,427063,598318,30, 33, 42
105,3,948940,488634,31, 32, 42
105,3,108142,493438,24, 40, 41
105,3,925827,493438,24, 40, 41
105,3,515306,508532,32, 32, 41
105,3,866811,508544,31, 32, 42
105,3,233587,528544,30, 33, 42
105,3,137747,498788,23, 40, 42
105,3,409782,653103,31, 32, 42
105,3,146217,703000,24, 39, 42
105,3,697472,548519,32, 32, 41
105,3,824430,623354,32, 32, 41
105,3,476604,518334,32, 32, 41
105,3,164798,488725,23, 31, 51
105,3,426176,608420,32, 32, 41
105,3,814014,533591,31, 32, 42
105,3,338136,628484,31, 31, 43
105,3,951836,713036,31, 31, 43
105,3,810856,713036,31, 33, 41
105,3,812263,713036,31, 32, 42
105,3,214379,603493,30, 34, 41
105,3,719244,713036,31, 33, 41
105,3,88920,608521,23, 40, 42
105,3,999852,603506,31, 32, 42
105,3,476155,513648,31, 32, 42
105,3,924268,608553,31, 32, 42
105,3,399762,503829,23, 41, 41
105,3,262136,648283,14, 41, 50
105,3,160676,703182,31, 32, 42
105,3,784220,518493,31, 32, 42
105,3,556751,518493,31, 32, 42
105,3,30096,643457,31, 33, 41
105,3,924268,484024,32, 32, 41
105,3,166218,623552,22, 41, 42
105,3,109941,618593,31, 33, 41
105,3,807320,623607,23, 41, 41
105,3,217944,499120,22, 41, 42
105,3,870687,513814,22, 41, 42
105,3,344900,504014,23, 41, 41
105,3,717534,493891,31, 32, 42
105,3,442959,564004,31, 33, 41
105,3,634596,543849,23, 40, 42
105,3,252707,588777,23, 40, 42
105,3,999089,633692,31, 32, 42
105,3,130398,588777,24, 40, 41
105,3,261715,653507,24, 40, 41
105,3,217991,653518,22, 41, 42
105,3,567672,698431,31, 32, 42
105,3,905417,513924,32, 33, 40
105,3,555915,688680,23, 40, 42
105,3,812250,593929,14, 41, 50
105,3,921979,668492,32, 32, 41
105,3,512772,668492,31, 33, 41
105,3,669440,648596,23, 30, 52
105,3,52012,668502,23, 41, 41
105,3,627748,533975,30, 33, 42
105,3,412097,494001,23, 41, 41
105,3,68261,618860,23, 41, 41
105,3,781342,538886,31, 33, 41
105,3,317765,618887,23, 41, 41
105,3,692970,683664,24, 40, 41
105,3,86075,614023,24, 40, 41
105,3,251550,633899,31, 32, 42
105,3,735657,534138,31, 32, 42
105,3,322159,573981,23, 41, 41
105,3,327133,718559,31, 32, 42
105,3,898041,718559,31, 33, 41
105,3,238533,579108,22, 41, 42
105,3,409801,633996,23, 41, 41
105,3,217991,518965,22, 41, 42
105,3,851837,569239,23, 41, 41
105,3,322290,569256,24, 40, 41
105,3,365969,648860,32, 33, 40
105,3,980793,668788,24, 40, 41
105,3,285721,668819,23, 41, 41
105,3,290360,579227,31, 33, 41
105,3,424584,683897,30, 33, 42
105,3,372413,584172,30, 34, 41
105,3,502256,683918,23, 41, 41
105,3,523136,683918,23, 41, 41
105,3,391322,689119,23, 41, 41
105,3,20110,693994,24, 40, 41
105,3,139015,689119,23, 41, 41
105,3,992702,689119,23, 41, 41
105,3,80721,689119,23, 40, 42
105,3,446807,689119,23, 41, 41
105,3,726323,484702,22, 41, 42
105,3,175565,668922,21, 37, 47
105,3,278945,499770,32, 32, 41
105,3,453230,544397,23, 41, 41
105,3,629082,614381,32, 32, 41
105,3,583523,529531,31, 32, 42
105,3,952400,634287,23, 31, 51
105,3,597813,664027,31, 32, 42
105,3,596653,584310,22, 41, 42
105,3,104500,718882,23, 41, 41
105,3,512030,534482,30, 32, 43
105,3,664873,718917,22, 41, 42
105,3,224846,539422,29, 34, 42
105,3,75440,574341,22, 41, 42
105,3,697472,639361,32, 32, 41
105,3,518675,509670,22, 41, 42
105,3,275275,529662,24, 40, 41
105,3,641155,634409,23, 41, 41
105,3,251550,489784,31, 31, 43
105,3,522156,664169,31, 32, 42
105,3,216629,664169,31, 32, 42
105,3,162582,664169,31, 32, 42
105,3,611449,559522,31, 33, 41
105,3,634596,644407,23, 40, 42
105,3,583523,574487,31, 33, 41
105,3,634596,624551,23, 40, 42
105,3,555244,554750,23, 40, 42
105,3,659064,514683,31, 32, 42
105,3,525935,634566,31, 33, 41
105,3,707408,634566,31, 33, 41
105,3,768514,714158,32, 32, 41
105,3,75440,684365,22, 41, 42
105,3,157917,714169,31, 32, 42
105,3,800978,694451,31, 32, 42
105,3,534065,604702,21, 37, 47
105,3,634596,554882,23, 40, 42
105,3,409782,669417,31, 32, 42
105,3,20212,559822,31, 33, 41
105,3,948814,579870,23, 41, 41
105,3,692672,604827,23, 41, 41
105,3,587919,604827,23, 41, 41
105,3,777367,604827,23, 41, 41
105,3,126204,494954,23, 41, 41
105,3,976704,594990,24, 40, 41
105,3,645943,725359,31, 33, 41
105,3,40155,619922,31, 32, 42
105,3,320941,634836,31, 32, 42
105,3,32714,689784,31, 32, 42
105,3,789358,704554,31, 33, 41
105,3,969477,704554,31, 33, 41
105,3,417916,624912,32, 32, 41
105,3,251550,519831,31, 31, 43
105,3,583523,720494,31, 32, 42
105,3,824430,574877,32, 32, 41
105,3,204799,689875,23, 41, 41
105,3,317765,689901,23, 41, 41
105,3,338073,725519,32, 32, 41
105,3,482857,760220,23, 41, 41
105,3,575380,714578,22, 41, 42
105,3,267625,860033,23, 41, 41
105,3,905417,785208,32, 33, 40
105,3,388044,855091,23, 41, 41
105,3,432191,720661,32, 32, 41
105,3,988195,860163,30, 33, 42
105,3,108582,720741,24, 29, 52
105,3,15037,800300,30, 33, 42
105,3,371463,725740,31, 32, 42
105,3,177047,830282,23, 41, 41
105,3,854856,865253,23, 40, 42
105,3,657825,895105,32, 32, 41
105,3,975438,775480,24, 40, 41
105,3,537210,845323,23, 41, 41
105,3,15505,785481,24, 40, 41
105,3,616405,765522,30, 33, 42
105,3,594184,765522,30, 33, 42
105,3,409782,760529,31, 32, 42
105,3,233201,870379,23, 41, 41
105,3,406061,709971,22, 41, 42
105,3,230555,719965,32, 33, 40
105,3,335862,875391,23, 41, 41
105,3,729180,785590,31, 32, 42
105,3,107678,755748,23, 41, 41
105,3,353730,855483,31, 32, 42
105,3,980206,860502,24, 40, 41
105,3,253560,845539,23, 40, 42
105,3,554794,760760,23, 41, 41
105,3,159214,835619,32, 32, 41
105,3,928676,760760,23, 41, 41
105,3,297671,855564,31, 32, 42
105,3,987848,721159,31, 33, 41
105,3,596861,735954,31, 33, 41
105,3,407615,945172,31, 33, 41
105,3,536680,905417,32, 33, 40
105,3,606350,780838,30, 33, 42
105,3,109808,935298,32, 33, 40
105,3,428426,745889,23, 41, 41
105,3,924268,770863,32, 32, 41
105,3,955444,930427,31, 32, 42
105,3,563089,760956,23, 41, 41
105,3,56900,870785,23, 40, 42
105,3,859546,860808,31, 33, 41
105,3,382124,855826,23, 41, 41
105,3,360072,855826,23, 41, 41
105,3,569365,855826,23, 41, 41
105,3,857290,855826,23, 41, 41
105,3,112369,855826,23, 41, 41
105,3,876817,855826,23, 40, 42
105,3,865321,855826,23, 41, 41
105,3,879822,855826,23, 40, 42
105,3,312502,845843,25, 40, 40
105,3,199597,840917,23, 40, 42
105,3,217991,746136,30, 33, 42
105,3,515306,751139,32, 32, 41
105,3,921979,945466,32, 32, 41
105,3,924268,761080,32, 32, 41
105,3,73210,870910,31, 32, 42
105,3,646987,850994,30, 33, 42
105,3,832523,915703,32, 32, 41
105,3,634596,721530,23, 40, 42
105,3,480401,791173,31, 32, 42
105,3,798515,791173,31, 31, 43
105,3,581968,915726,24, 40, 41
105,3,934258,791173,31, 32, 42
105,3,68935,806181,23, 41, 41
105,3,882154,791173,31, 31, 43
105,3,241750,791173,31, 32, 42
105,3,202219,791173,31, 32, 42
105,3,334826,791173,31, 32, 42
105,3,191816,851061,31, 32, 42
105,3,364377,811135,31, 33, 41
105,3,822721,895840,31, 32, 42
105,3,783719,796151,23, 41, 41
105,3,828166,925766,22, 41, 42
105,3,812698,900887,31, 32, 42
105,3,394998,826214,31, 32, 42
105,3,849397,846067,30, 34, 41
105,3,473932,726661,32, 32, 41
105,3,252707,925827,23, 41, 41
105,3,540341,826255,31, 33, 41
105,3,130398,925827,24, 40, 41
105,3,656918,736479,23, 40, 42
105,3,843534,930799,24, 40, 41
105,3,322159,721721,23, 41, 41
105,3,129960,881118,22, 41, 42
105,3,518955,881118,22, 41, 42
105,3,882460,776377,23, 41, 41
105,3,475940,881118,22, 41, 42
105,3,450732,776377,23, 41, 41
105,3,583523,856158,31, 32, 42
105,3,14021,746425,32, 32, 41
105,3,321584,726779,24, 40, 41
105,3,697472,746444,32, 32, 41
105,3,73210,776493,31, 32, 42
105,3,339654,846288,31, 33, 41
105,3,834035,921000,24, 40, 41
105,3,299636,921000,24, 40, 41
105,3,217991,816431,30, 33, 42
105,3,451703,826476,23, 41, 41
105,3,727835,876291,31, 32, 42
105,3,735657,881304,31, 32, 42
105,3,651842,726921,31, 32, 42
105,3,439941,821430,14, 30, 61
105,3,288532,836382,23, 41, 41
105,3,726323,761562,22, 41, 42
105,3,128495,901195,31, 33, 41
105,3,254637,836409,31, 32, 42
105,3,84053,726984,32, 33, 40
105,3,910193,836430,30, 33, 42
105,3,365327,721970,31, 32, 42
105,3,713178,801577,23, 41, 41
105,3,924268,871456,32, 32, 41
105,3,729153,921166,30, 32, 43
105,3,205062,791650,22, 41, 42
105,3,803734,921203,31, 32, 42
105,3,887935,936178,22, 41, 42
105,3,221170,936178,22, 41, 42
105,3,505668,936178,22, 41, 42
105,3,75021,821614,22, 41, 42
105,3,747779,936178,22, 41, 42
105,3,613226,886461,24, 40, 41
105,3,220229,936178,22, 41, 42
105,3,372413,736895,23, 41, 41
105,3,107834,896344,24, 40, 41
105,3,15795,876511,23, 41, 41
105,3,633744,831587,31, 33, 41
105,3,252926,831587,31, 33, 41
105,3,706506,876513,30, 33, 42
105,3,364377,766794,31, 33, 41
105,3,634596,911341,23, 40, 42
105,3,834746,851730,31, 32, 42
105,3,689496,916400,23, 40, 42
105,3,68261,926336,23, 41, 41
105,3,435635,781881,24, 40, 41
105,3,834746,921390,31, 32, 42
105,3,119694,737080,24, 40, 41
105,3,908443,941324,24, 40, 41
105,3,114297,941324,24, 40, 41
105,3,933166,866811,32, 32, 41
105,3,237415,866811,32, 32, 41
105,3,501308,866811,32, 32, 41
105,3,912312,866811,32, 32, 41
105,3,559670,866811,32, 32, 41
105,3,876191,876757,22, 41, 42
105,3,276249,767046,22, 41, 42
105,3,172682,946399,23, 40, 42
105,3,225838,901630,32, 32, 41
105,3,606350,747113,30, 33, 42
105,3,373236,807120,23, 40, 42
105,3,625626,956448,31, 33, 41
105,3,372413,871943,31, 33, 41
105,3,372413,921660,23, 41, 41
105,3,814014,737350,31, 32, 42
105,3,515306,926635,32, 32, 41
105,3,952400,782252,23, 41, 41
105,3,669440,926671,30, 33, 42
105,3,924268,852102,32, 32, 41
105,3,876422,886986,23, 39, 43
105,3,697201,747299,24, 40, 41
105,3,170543,842186,31, 33, 41
105,3,711126,817186,23, 41, 41
105,3,757859,911802,31, 32, 42
105,3,512129,901844,31, 33, 41
105,3,166218,872090,22, 41, 42
105,3,68261,722733,23, 41, 41
105,3,755968,911872,20, 42, 43
105,3,472046,742396,31, 33, 41
105,3,975438,847105,24, 40, 41
105,3,752532,812186,31, 32, 42
105,3,335778,926820,23, 30, 52
105,3,426176,727736,32, 32, 41
105,3,209700,911915,31, 33, 41
105,3,362558,767410,24, 40, 41
105,3,867948,901959,30, 33, 42
105,3,245507,911930,24, 40, 41
105,3,938913,956693,23, 41, 41
105,3,848642,792369,24, 40, 41
105,3,786241,772396,23, 41, 41
105,3,824430,807476,32, 32, 41
105,3,84053,732602,24, 40, 41
105,3,447201,802371,23, 40, 42
105,3,394030,787464,32, 32, 41
105,3,166218,857346,22, 41, 42
105,3,117088,772515,24, 40, 41
105,3,428950,931972,23, 40, 42
105,3,555915,777665,23, 41, 41
105,3,803220,752577,23, 41, 41
105,3,342287,752577,23, 40, 42
105,3,818367,912108,23, 41, 41
105,3,273536,802485,22, 41, 42
105,3,515188,802485,22, 41, 42
105,3,876513,852480,23, 40, 42
105,3,164798,887355,23, 31, 51
105,3,177047,727996,23, 40, 42
105,3,774736,817592,23, 41, 41
105,3,427398,723110,31, 33, 41
105,3,924268,737818,32, 32, 41
105,3,429614,927121,22, 32, 51
105,3,876191,932062,22, 41, 42
105,3,696501,822604,32, 32, 41
105,3,878709,787665,31, 33, 41
105,3,133797,867547,31, 33, 41
105,3,843653,872561,24, 40, 41
105,3,681659,777908,32, 33, 40
105,3,924268,817721,32, 32, 41
105,3,752507,777908,32, 33, 40
105,3,740426,817721,32, 32, 41
105,3,786241,857578,23, 41, 41
105,3,133956,922285,22, 41, 42
105,3,667721,757859,32, 32, 41
105,3,364377,882643,31, 33, 41
105,3,975438,857622,24, 40, 41
105,3,164043,852728,31, 32, 42
105,3,654622,757902,32, 33, 40
105,3,425283,782963,32, 32, 41
105,3,275275,728270,24, 40, 41
105,3,796585,847708,32, 32, 41
105,3,650769,917430,31, 32, 42
105,3,71743,743022,31, 33, 41
105,3,433651,847708,32, 32, 41
105,3,235739,917430,31, 32, 42
105,3,975438,912447,24, 40, 41
105,3,948940,812754,31, 32, 42
105,3,296233,723418,31, 33, 41
105,3,356113,942315,23, 40, 42
105,3,980206,808061,24, 40, 41
105,3,581971,892720,23, 41, 41
105,3,924268,937443,32, 32, 41
105,3,776377,768062,23, 41, 41
105,3,251550,957322,31, 31, 43
105,3,870814,797983,31, 32, 42
105,3,74884,862894,31, 32, 42
105,3,141504,862894,32, 32, 41
105,3,302648,862894,31, 32, 42
105,3,669440,843044,23, 30, 52
105,3,933693,867948,30, 33, 42
105,3,625758,867948,30, 32, 43
105,3,774668,867948,30, 33, 42
105,3,105404,843078,23, 41, 41
105,3,307016,902725,23, 41, 41
105,3,56900,748258,23, 40, 42
105,3,137904,833009,24, 40, 41
105,3,402908,773158,32, 33, 40
105,3,372413,763191,23, 41, 41
105,3,32714,798127,31, 32, 42
105,3,409782,758265,31, 32, 42
105,3,572459,763228,22, 41, 42
105,3,626227,733418,24, 40, 41
105,3,159214,883086,32, 32, 41
105,3,638706,897845,30, 34, 41
105,3,221148,848104,23, 41, 41
105,3,968118,748452,23, 41, 41
105,3,791173,893103,31, 33, 41
105,3,372375,858110,32, 32, 41
105,3,106759,957686,24, 40, 41
105,3,49563,833264,31, 32, 42
105,3,274732,873232,31, 33, 41
105,3,867948,947769,30, 33, 42
105,3,838453,738574,23, 40, 42
105,3,967957,768514,31, 32, 42
105,3,689119,733621,23, 41, 41
105,3,86075,733621,24, 40, 41
105,3,880786,803395,23, 41, 41
105,3,923363,932835,32, 32, 41
105,3,158490,903046,32, 32, 41
105,3,803734,908134,31, 32, 42
105,3,137747,813300,23, 40, 42
105,3,669440,917961,23, 30, 52
105,3,166218,763518,22, 41, 42
105,3,717534,903106,31, 32, 42
105,3,583523,873384,31, 32, 42
105,3,77647,893293,23, 41, 41
105,3,581968,883421,24, 40, 41
105,3,490548,838451,32, 33, 40
105,3,209593,838451,32, 33, 40
105,3,956677,733787,23, 41, 41
105,3,641155,938079,23, 41, 41
105,3,217991,942977,31, 32, 42
105,3,424140,758724,23, 31, 51
105,3,10423,788639,30, 33, 42
105,3,689496,838534,23, 40, 42
105,3,217991,933069,30, 33, 42
105,3,205948,803662,32, 32, 41
105,3,409005,729153,32, 32, 41
105,3,934621,952979,31, 32, 42
105,3,814890,878608,23, 41, 41
105,3,5736,729180,32, 32, 41
105,3,325666,729180,31, 32, 42
105,3,821258,923300,23, 41, 41
105,3,526410,883639,23, 41, 41
105,3,601313,828882,23, 41, 41
105,3,783719,923314,23, 41, 41
105,3,487365,848585,23, 40, 42
105,3,215535,763826,32, 32, 41
105,3,729397,818783,30, 33, 42
105,3,859193,903416,31, 33, 41
105,3,986338,903416,31, 32, 42
105,3,372413,928317,23, 41, 41
105,3,581971,798849,22, 41, 42
105,3,870687,773921,23, 41, 41
105,3,462267,798890,23, 41, 41
105,3,383426,734124,31, 33, 41
105,3,740426,773949,32, 32, 41
105,3,321470,873786,31, 32, 42
105,3,198186,833798,31, 32, 42
105,3,217991,943288,30, 33, 42
105,3,606350,843996,30, 33, 42
105,3,158490,724553,32, 33, 40
105,3,624798,844054,23, 41, 41
105,3,275275,769182,24, 40, 41
105,3,951391,809209,31, 33, 41
105,3,912263,863947,32, 32, 41
105,3,783719,744252,23, 41, 41
105,3,610285,779368,32, 32, 41
105,3,537210,923670,23, 41, 41
105,3,986005,953431,23, 40, 42
105,3,199597,913693,23, 40, 42
105,3,669440,839118,23, 30, 52
105,3,221148,729645,23, 41, 41
105,3,783719,849011,23, 41, 41
105,3,719965,729676,32, 33, 40
105,3,940725,898839,31, 33, 41
105,3,627748,819212,30, 33, 42
105,3,1164,824215,32, 32, 41
105,3,783719,938708,23, 41, 41
105,3,504179,844259,31, 33, 41
105,3,814014,893961,31, 32, 42
105,3,490700,859029,24, 29, 52
105,3,729180,849093,32, 32, 41
105,3,867948,779575,30, 32, 43
105,3,634596,819275,23, 40, 42
105,3,743836,749492,31, 31, 43
105,3,335296,849127,24, 40, 41
105,3,761424,849127,23, 41, 41
105,3,898451,849127,23, 41, 41
105,3,372413,948692,23, 41, 41
105,3,364377,933721,31, 33, 41
105,3,326600,938810,23, 41, 41
105,3,328319,844385,23, 41, 41
105,3,768514,889134,32, 32, 41
105,3,245695,829557,23, 40, 42
105,3,912108,829559,23, 41, 41
105,3,369619,754264,32, 33, 40
105,3,44410,894113,21, 42, 42
105,3,84053,754307,23, 40, 42
105,3,372413,879372,23, 41, 41
105,3,583523,953714,31, 32, 42
105,3,143063,938913,23, 41, 41
105,3,139015,938913,23, 40, 42
105,3,391806,809714,24, 40, 41
105,3,756442,764630,23, 41, 41
105,3,364377,859293,31, 32, 42
105,3,866811,839539,32, 32, 41
105,3,92083,809762,31, 32, 42
105,3,783719,874493,23, 41, 41
105,3,759079,814448,23, 30, 52
105,3,113309,749816,30, 33, 42
105,3,233549,819645,32, 32, 41
105,3,154408,809846,30, 33, 42
105,3,933234,949051,23, 41, 41
105,3,592046,949051,24, 40, 41
105,3,131643,889453,23, 40, 42
105,3,335862,943999,23, 41, 41
105,3,680408,944007,24, 40, 41
105,3,498596,819713,31, 32, 42
105,3,583523,919215,31, 32, 42
105,3,313326,794808,24, 40, 41
105,3,497342,914329,31, 33, 41
105,3,659064,949162,31, 32, 42
105,3,385217,809993,22, 41, 42
105,3,455048,985064,22, 41, 42
105,3,698140,884705,31, 32, 42
105,3,550235,869802,23, 40, 42
105,3,171202,884719,30, 34, 41
105,3,230555,834746,31, 33, 41
105,3,388044,819870,23, 41, 41
105,3,211319,834746,31, 33, 41
105,3,80837,834746,31, 32, 42
105,3,112368,834746,31, 33, 41
105,3,771941,834746,31, 32, 42
105,3,28077,834746,31, 32, 42
105,3,792135,834746,31, 32, 42
105,3,812698,804910,22, 41, 42
105,3,572459,804910,22, 41, 42
105,3,164322,919398,23, 41, 41
105,3,901687,754839,30, 33, 42
105,3,505112,949331,31, 33, 41
105,3,869421,980206,24, 40, 41
105,3,422792,980206,24, 40, 41
105,3,859320,995163,24, 40, 41
105,3,945373,834900,31, 33, 41
105,3,196003,849864,23, 41, 41
105,3,181582,814927,32, 32, 41
105,3,498596,934520,31, 32, 42
105,3,808849,814976,22, 41, 42
105,3,612062,949505,23, 41, 41
105,3,468639,959489,23, 41, 41
105,3,935196,980407,23, 40, 42
105,3,921078,919654,22, 41, 42
105,3,113309,970552,32, 32, 41
105,3,299636,990410,24, 40, 41
105,3,956418,939709,31, 32, 42
105,3,447201,924818,23, 40, 42
105,3,611449,995479,31, 33, 41
105,3,484167,970684,22, 41, 42
105,3,143550,970684,22, 41, 42
105,3,243915,970684,22, 41, 42
105,3,244504,970684,22, 41, 42
105,3,848225,970684,22, 41, 42
105,3,901251,914903,32, 32, 41
105,3,92173,904893,32, 32, 41
105,3,660682,970734,32, 32, 41
105,3,899194,939843,31, 32, 42
105,3,498596,990702,31, 32, 42
105,3,538161,919991,23, 41, 41
105,3,372413,985789,23, 41, 41
105,3,218469,966288,23, 41, 41
105,3,440706,971235,23, 41, 41
105,3,224451,986109,30, 33, 42
105,3,18590,966653,22, 41, 42
105,3,325409,996463,31, 32, 42
105,3,959056,971804,23, 40, 42
105,3,299889,976737,23, 41, 41
105,3,528375,967026,23, 40, 42
105,3,168441,981779,24, 40, 41
105,3,708948,981779,24, 40, 41
105,3,703461,986817,32, 32, 41
105,3,645272,986859,23, 41, 41
105,3,876191,996952,22, 41, 42
105,3,335203,992084,23, 41, 41
105,3,912263,987085,32, 32, 41
105,3,894836,997104,23, 41, 41
105,3,611449,997244,31, 33, 41
105,3,587378,987325,31, 33, 41
105,3,666831,963058,23, 41, 41
105,3,387858,977596,30, 32, 43
105,3,713036,967806,31, 33, 41
105,3,216629,967838,31, 33, 41
105,3,795805,967838,31, 33, 41
105,3,162582,967838,31, 33, 41
105,3,385584,997744,24, 40, 41
105,3,876191,963346,22, 41, 42
105,3,442453,968153,22, 41, 42
105,3,395839,968153,23, 41, 41
105,3,73210,973141,31, 32, 42
105,3,401305,978034,23, 41, 41
105,3,527492,978034,24, 40, 41
105,3,256328,982945,24, 40, 41
105,3,317765,997969,23, 41, 41
105,3,735657,978129,31, 32, 42
105,3,523084,993070,23, 41, 41
105,3,150800,993096,23, 41, 41
105,3,185194,998083,31, 32, 42
105,3,456923,964006,31, 33, 41
105,3,597813,998369,31, 32, 42
105,3,627748,978558,30, 34, 41
105,3,33921,993476,23, 41, 41
105,3,261715,998500,24, 29, 52
105,3,372413,974036,23, 41, 41
105,3,64930,974112,23, 41, 41
105,3,794808,964498,24, 40, 41
105,3,887683,964529,32, 32, 41
105,3,61898,979050,32, 33, 40
105,3,321584,979095,23, 41, 41
105,3,513458,994101,31, 33, 41
105,3,436164,974381,31, 33, 41
105,3,239748,994400,24, 30, 51
105,3,735657,979669,31, 32, 42
105,3,278540,994843,31, 33, 41
