N(bp)	0HU	1HU	2HU	3HU	4HU	5HU	6HU	7HU	8HU	9HU	10HU	11HU
80	0	0	0.089645587	0.187282835	0.723071577	0	0	0	0	0	0	0
81	0	0	0.233404711	0.04496788	0.721627409	0	0	0	0	0	0	0
82	0	0	0.993909402	0.002283974	0.003806624	0	0	0	0	0	0	0
83	0	0	0.991590835	0.008246669	0.000162496	0	0	0	0	0	0	0
84	0	6.72E-06	0.969342889	0.030260451	0.000389937	0	0	0	0	0	0	0
85	0	4.62E-06	0.905975164	0.092624515	0.001395699	0	0	0	0	0	0	0
86	0	1.32E-06	0.779147194	0.217484412	0.00336707	0	0	0	0	0	0	0
87	0	1.33E-06	0.584043418	0.406249541	0.009705707	0	0	0	0	0	0	0
88	0	2.16E-06	0.409674812	0.556262867	0.034060166	0	0	0	0	0	0	0
89	0	0	0.264939724	0.610866019	0.12418222	1.20E-05	0	0	0	0	0	0
90	0	0	0.159783967	0.47852645	0.361689583	0	0	0	0	0	0	0
91	0	0	0.065108514	0.284536728	0.650146077	0.000208681	0	0	0	0	0	0
92	0	0	0.391406512	0.072843236	0.535750252	0	0	0	0	0	0	0
93	0	0	0.953726768	0.022322284	0.023950948	0	0	0	0	0	0	0
94	0	0	0.95502073	0.041312212	0.003667058	0	0	0	0	0	0	0
95	0	0	0.899705588	0.095563456	0.004726327	4.63E-06	0	0	0	0	0	0
96	0	4.07E-06	0.780207729	0.211127049	0.008661153	0	0	0	0	0	0	0
97	0	0	0.601506566	0.381512761	0.016977908	2.77E-06	0	0	0	0	0	0
98	0	0	0.42106521	0.539652032	0.039278439	4.32E-06	0	0	0	0	0	0
99	0	0	0.276482938	0.620169068	0.103327138	2.09E-05	0	0	0	0	0	0
100	0	0	0.17010378	0.567979288	0.261822485	7.78E-05	1.67E-05	0	0	0	0	0
101	0	0	0.090311202	0.365118349	0.544191336	0.000379113	0	0	0	0	0	0
102	0	0	0.078149838	0.165119737	0.754012615	0.002256295	0.000461515	0	0	0	0	0
103	0	0	0.484660369	0.060008997	0.452271705	0.002069276	0.000989654	0	0	0	0	0
104	0	2.84E-05	0.882847804	0.058092937	0.058831889	0.000170527	2.84E-05	0	0	0	0	0
105	0	3.35E-05	0.878239666	0.095717314	0.025975985	3.35E-05	0	0	0	0	0	0
106	3.27E-06	1.96E-05	0.810367128	0.160389992	0.029203684	1.63E-05	0	0	0	0	0	0
107	0	5.74E-06	0.683972722	0.281738448	0.034244833	3.83E-05	0	0	0	0	0	0
108	0	0	0.528149756	0.417905954	0.053861183	8.15E-05	1.57E-06	0	0	0	0	0
109	0	3.71E-06	0.375018109	0.529394175	0.095377838	0.000200592	5.57E-06	0	0	0	0	0
110	0	0	0.254954636	0.55054156	0.193890198	0.000564761	4.88E-05	0	0	0	0	0
111	0	0	0.150522771	0.463150516	0.38444657	0.001631204	0.000248939	0	0	0	0	0
112	0	0	0.08285497	0.279473378	0.633109186	0.003995885	0.000566581	0	0	0	0	0
113	0	0	0.116154407	0.133790085	0.740412979	0.00850065	0.001141878	0	0	0	0	0
114	0	0	0.493374511	0.082091428	0.416526017	0.006715266	0.001292778	0	0	0	0	0
115	0	1.55E-05	0.766721576	0.105613228	0.125365202	0.002066886	0.000217567	0	0	0	0	0
116	0	3.68E-05	0.769745485	0.157718327	0.071885474	0.000503382	0.000110499	0	0	0	0	0
117	0	3.12E-05	0.69126927	0.243766769	0.064484062	0.000433155	1.56E-05	0	0	0	0	0
118	0	1.71E-05	0.56927465	0.35925649	0.070992415	0.000450807	8.55E-06	0	0	0	0	0
119	0	5.96E-06	0.432603474	0.465056079	0.101443176	0.000879404	1.19E-05	0	0	0	0	0
120	0	1.23E-05	0.303595229	0.521712499	0.172972324	0.001641545	6.62E-05	0	0	0	0	0
121	0	0	0.198449379	0.497764212	0.299567866	0.00394574	0.000272802	0	0	0	0	0
122	0	0	0.113509409	0.38028025	0.496966024	0.008375381	0.000868937	0	0	0	0	0
123	0	0	0.070333472	0.226068908	0.68547115	0.016203127	0.001923343	0	0	0	0	0
124	0	0	0.180503631	0.118817412	0.675862662	0.022259465	0.00255683	0	0	0	0	0
125	0	3.78E-05	0.480983452	0.112283688	0.388898345	0.015413712	0.002382979	0	0	0	0	0
126	0	0.000124265	0.665200975	0.145935095	0.180691105	0.007207379	0.00084118	0	0	0	0	0
127	0	3.05E-05	0.667241888	0.212577502	0.116204962	0.003629496	0.000315608	0	0	0	0	0
128	3.14E-06	4.40E-05	0.597074151	0.297416337	0.102615056	0.00273435	0.000113016	0	0	0	0	0
129	0	3.80E-05	0.482713483	0.396821458	0.117429316	0.002886361	0.000111403	0	0	0	0	0
130	0	2.55E-06	0.362113093	0.46877666	0.16421372	0.004569581	0.000324392	0	0	0	0	0
131	0	0	0.249899877	0.490502401	0.251389307	0.007731797	0.000476618	0	0	0	0	0
132	0	0	0.161530917	0.424880631	0.397904873	0.01403058	0.001653	0	0	0	0	0
133	0	0	0.089833085	0.306593209	0.574702872	0.025977211	0.002893623	0	0	0	0	0
134	0	0	0.086047849	0.180270493	0.68998275	0.037224069	0.006474838	0	0	0	0	0
135	0	3.13E-05	0.207197059	0.120863647	0.620433388	0.044699992	0.006758977	1.56E-05	0	0	0	0
136	0	0.000113289	0.434412094	0.135908765	0.391802928	0.031746032	0.005991717	2.52E-05	0	0	0	0
137	0	0.000148496	0.56360297	0.191520125	0.224157874	0.018100821	0.002454084	1.56E-05	0	0	0	0
138	0	0.000102421	0.558896974	0.263631752	0.164278468	0.011788174	0.00130221	0	0	0	0	0
139	0	7.10E-05	0.486687225	0.349258509	0.153216677	0.009982363	0.000784252	0	0	0	0	0
140	0	2.51E-05	0.387770154	0.422391985	0.177726026	0.011211058	0.000872529	3.14E-06	0	0	0	0
141	0	6.82E-06	0.283929071	0.461320825	0.23865395	0.014892863	0.001193065	3.41E-06	0	0	0	0
142	0	1.31E-05	0.19061737	0.440381932	0.343891699	0.02291158	0.002179979	4.36E-06	0	0	0	0
143	0	0	0.117507901	0.356247458	0.486003067	0.035835654	0.004393404	1.25E-05	0	0	0	0
144	0	0	0.080112575	0.239948314	0.619828128	0.052305051	0.00776168	4.43E-05	0	0	0	0
145	0	4.68E-05	0.10503651	0.154839918	0.658841977	0.069731792	0.011421082	8.19E-05	0	0	0	0
146	1.20E-05	2.41E-05	0.240945147	0.133935987	0.543435608	0.068177715	0.013373136	9.63E-05	0	0	0	0
147	0	0.000217488	0.38943206	0.168652069	0.377598735	0.054727893	0.009272898	8.90E-05	9.89E-06	0	0	0
148	6.73E-06	0.000222011	0.473974206	0.223895157	0.25999556	0.036382963	0.005435916	8.75E-05	0	0	0	0
149	0	0.000219444	0.458647329	0.298019521	0.21089538	0.028632417	0.003560973	2.49E-05	0	0	0	0
