N(bp),0HU,1HU,2HU,3HU,4HU,5HU,6HU,7HU,8HU,9HU,10HU,11HU
80,0.0, 0.0, 0.80000000000000004, 0.14285714285714285, 0.057142857142857141, 0.0, 0.0, 0.0, 0.0, 0.0, 0.0, 0.0
81,0.0, 0.0, 1.0, 0.0, 0.0, 0.0, 0.0, 0.0, 0.0, 0.0, 0.0, 0.0
82,0.0, 0.0, 1.0, 0.0, 0.0, 0.0, 0.0, 0.0, 0.0, 0.0, 0.0, 0.0
83,0.0, 0.0, 0.99775196702884972, 0.0022480329711502436, 0.0, 0.0, 0.0, 0.0, 0.0, 0.0, 0.0, 0.0
84,0.0, 0.0, 0.99581132762702607, 0.0041886723729739573, 0.0, 0.0, 0.0, 0.0, 0.0, 0.0, 0.0, 0.0
85,0.0, 0.0, 0.98439926748417905, 0.015531189874591437, 6.9542641229513897e-05, 0.0, 0.0, 0.0, 0.0, 0.0, 0.0, 0.0
86,0.0, 4.3130714819713609e-05, 0.95771752257174081, 0.041980562424521251, 0.00025878428891828168, 0.0, 0.0, 0.0, 0.0, 0.0, 0.0, 0.0
87,0.0, 0.0, 0.89118174348248302, 0.1080899379995518, 0.0007283185179651901, 0.0, 0.0, 0.0, 0.0, 0.0, 0.0, 0.0
88,0.0, 0.0, 0.82214726513089809, 0.17513128138295833, 0.0027214534861435854, 0.0, 0.0, 0.0, 0.0, 0.0, 0.0, 0.0
89,0.0, 0.0, 0.73846623892453411, 0.25206232813932172, 0.0094714329361442109, 0.0, 0.0, 0.0, 0.0, 0.0, 0.0, 0.0
90,0.0, 0.0, 0.68655589123867067, 0.26812688821752267, 0.045317220543806644, 0.0, 0.0, 0.0, 0.0, 0.0, 0.0, 0.0
91,0.0, 0.0, 0.4859154929577465, 0.38732394366197181, 0.12676056338028169, 0.0, 0.0, 0.0, 0.0, 0.0, 0.0, 0.0
92,0.0, 0.0, 0.92349726775956287, 0.032786885245901641, 0.043715846994535519, 0.0, 0.0, 0.0, 0.0, 0.0, 0.0, 0.0
93,0.0, 0.0, 0.99681274900398409, 0.0031872509960159364, 0.0, 0.0, 0.0, 0.0, 0.0, 0.0, 0.0, 0.0
94,0.0, 0.0, 0.99518304431599225, 0.0046793283787503444, 0.00013762730525736306, 0.0, 0.0, 0.0, 0.0, 0.0, 0.0, 0.0
95,0.0, 0.0, 0.98353410513141426, 0.016348560700876095, 0.00011733416770963704, 0.0, 0.0, 0.0, 0.0, 0.0, 0.0, 0.0
96,0.0, 0.0, 0.9572231184291039, 0.042517290612078394, 0.00025959095881774859, 0.0, 0.0, 0.0, 0.0, 0.0, 0.0, 0.0
97,0.0, 0.0, 0.89965340566606389, 0.099638336347197112, 0.00070825798673899943, 0.0, 0.0, 0.0, 0.0, 0.0, 0.0, 0.0
98,0.0, 0.0, 0.81980022555179632, 0.17786370227162882, 0.0023360721765748349, 0.0, 0.0, 0.0, 0.0, 0.0, 0.0, 0.0
99,0.0, 0.0, 0.72617729145439247, 0.26527267089000134, 0.008550037655606255, 0.0, 0.0, 0.0, 0.0, 0.0, 0.0, 0.0
100,0.0, 0.0, 0.62725173210161667, 0.34857582755966127, 0.024172440338722095, 0.0, 0.0, 0.0, 0.0, 0.0, 0.0, 0.0
101,0.0, 0.0, 0.57280118255728008, 0.35402808573540279, 0.073170731707317069, 0.0, 0.0, 0.0, 0.0, 0.0, 0.0, 0.0
102,0.0, 0.0, 0.70344827586206893, 0.17701149425287357, 0.11954022988505747, 0.0, 0.0, 0.0, 0.0, 0.0, 0.0, 0.0
103,0.0, 0.0, 0.9625850340136054, 0.026077097505668934, 0.011337868480725623, 0.0, 0.0, 0.0, 0.0, 0.0, 0.0, 0.0
104,0.0, 0.0, 0.99175738724727835, 0.0055987558320373249, 0.0026438569206842922, 0.0, 0.0, 0.0, 0.0, 0.0, 0.0, 0.0
105,0.0, 0.00022561904224716565, 0.9866884765074172, 0.012239833041908737, 0.00084607140842687121, 0.0, 0.0, 0.0, 0.0, 0.0, 0.0, 0.0
106,2.3727607070826908e-05, 2.3727607070826908e-05, 0.96901174516550004, 0.029137501482975441, 0.001803298137382845, 0.0, 0.0, 0.0, 0.0, 0.0, 0.0, 0.0
107,0.0, 3.2355129905846569e-05, 0.93420584333646095, 0.064499951467305139, 0.0012618500663280163, 0.0, 0.0, 0.0, 0.0, 0.0, 0.0, 0.0
108,0.0, 1.5383668697310935e-05, 0.88277644452649062, 0.11405451972186327, 0.0031536520829487415, 0.0, 0.0, 0.0, 0.0, 0.0, 0.0, 0.0
109,0.0, 2.3612750885478158e-05, 0.80859504132231408, 0.18632821723730814, 0.0050531286894923257, 0.0, 0.0, 0.0, 0.0, 0.0, 0.0, 0.0
110,0.0, 0.0, 0.74573252189401806, 0.23670278561179556, 0.017564692494186334, 0.0, 0.0, 0.0, 0.0, 0.0, 0.0, 0.0
111,0.0, 0.0, 0.66683366733466931, 0.29258517034068138, 0.040581162324649298, 0.0, 0.0, 0.0, 0.0, 0.0, 0.0, 0.0
112,0.0, 0.0, 0.62111468381564849, 0.24919614147909969, 0.12968917470525188, 0.0, 0.0, 0.0, 0.0, 0.0, 0.0, 0.0
113,0.0, 0.0011173184357541898, 0.77765363128491616, 0.10614525139664804, 0.11508379888268157, 0.0, 0.0, 0.0, 0.0, 0.0, 0.0, 0.0
114,0.0, 0.0, 0.95916154680159016, 0.018431514275388507, 0.022406938923021324, 0.0, 0.0, 0.0, 0.0, 0.0, 0.0, 0.0
115,0.0, 0.0004050222762251924, 0.97569866342648848, 0.020453624949372216, 0.0034426893479141351, 0.0, 0.0, 0.0, 0.0, 0.0, 0.0, 0.0
116,0.0, 0.00015282341254680218, 0.96832734774967522, 0.028845419118208909, 0.0026362038664323375, 3.8205853136700544e-05, 0.0, 0.0, 0.0, 0.0, 0.0, 0.0
117,0.0, 0.00021287465940054496, 0.94235354223433243, 0.054964237057220706, 0.0024693460490463216, 0.0, 0.0, 0.0, 0.0, 0.0, 0.0, 0.0
118,0.0, 5.0885406065540403e-05, 0.90236786756224985, 0.094154963023271587, 0.0034262840084130536, 0.0, 0.0, 0.0, 0.0, 0.0, 0.0, 0.0
119,0.0, 7.6180318814634244e-05, 0.84365894071266689, 0.15043708457919897, 0.0058277943893195192, 0.0, 0.0, 0.0, 0.0, 0.0, 0.0, 0.0
120,0.0, 3.070781513895286e-05, 0.77724550898203593, 0.21028711807154921, 0.01243666513127591, 0.0, 0.0, 0.0, 0.0, 0.0, 0.0, 0.0
121,0.0, 0.0, 0.71265360345400197, 0.26303553636665561, 0.024244437064098307, 6.6423115244104947e-05, 0.0, 0.0, 0.0, 0.0, 0.0, 0.0
122,0.0, 0.0, 0.63485630066322774, 0.30176860722181281, 0.063190862196020631, 0.00018422991893883567, 0.0, 0.0, 0.0, 0.0, 0.0, 0.0
123,0.0, 0.0, 0.6283653846153846, 0.24423076923076922, 0.12740384615384615, 0.0, 0.0, 0.0, 0.0, 0.0, 0.0, 0.0
124,0.0, 0.0, 0.86499446698635185, 0.06344522316488381, 0.071560309848764297, 0.0, 0.0, 0.0, 0.0, 0.0, 0.0, 0.0
125,0.0, 0.0019786910197869103, 0.95312024353120239, 0.028310502283105023, 0.016133942161339423, 0.00045662100456621003, 0.0, 0.0, 0.0, 0.0, 0.0, 0.0
126,5.2968907251443404e-05, 0.0011123470522803114, 0.96419301869802421, 0.026431484718470257, 0.0080512739022193976, 0.00015890672175433021, 0.0, 0.0, 0.0, 0.0, 0.0, 0.0
127,0.0, 0.00069064748201438854, 0.94808633093525185, 0.047107913669064749, 0.0041151079136690647, 0.0, 0.0, 0.0, 0.0, 0.0, 0.0, 0.0
128,1.8956267889977822e-05, 0.00028434401834966734, 0.92478152901256805, 0.069910715978238211, 0.0049854984550641666, 1.8956267889977822e-05, 0.0, 0.0, 0.0, 0.0, 0.0, 0.0
129,0.0, 0.00036565745209887377, 0.87829091706888984, 0.11578543220710838, 0.0055579932719028811, 0.0, 0.0, 0.0, 0.0, 0.0, 0.0, 0.0
130,0.0, 0.00013079589300895951, 0.82824319316373463, 0.16199071349159636, 0.0096134981361585253, 2.1799315501493254e-05, 0.0, 0.0, 0.0, 0.0, 0.0, 0.0
131,0.0, 0.0, 0.76113823619163867, 0.21895025938358254, 0.019758925846811107, 0.00015257857796765334, 0.0, 0.0, 0.0, 0.0, 0.0, 0.0
132,0.0, 0.0, 0.71146844660194175, 0.24142900485436894, 0.046647451456310676, 0.00037924757281553397, 7.584951456310679e-05, 0.0, 0.0, 0.0, 0.0, 0.0
133,0.0, 0.0, 0.62712206952303962, 0.28860145513338725, 0.084074373484236062, 0.00020210185933710589, 0.0, 0.0, 0.0, 0.0, 0.0, 0.0
134,0.0, 0.00031525851197982345, 0.66771752837326603, 0.18316519546027743, 0.14722572509457754, 0.00094577553593947036, 0.00063051702395964691, 0.0, 0.0, 0.0, 0.0, 0.0
135,0.00021579628830384117, 0.0015105740181268882, 0.86037980146741477, 0.08523953388001726, 0.052438498057833405, 0.00021579628830384117, 0.0, 0.0, 0.0, 0.0, 0.0, 0.0
136,8.6125226078718456e-05, 0.0029282576866764276, 0.92722418396348294, 0.044871242787012315, 0.024373438980277322, 0.00043062613039359228, 8.6125226078718456e-05, 0.0, 0.0, 0.0, 0.0, 0.0
137,0.0, 0.001649620587264929, 0.94094358297591552, 0.048581326294952161, 0.0086605080831408769, 0.00012372154404486968, 4.1240514681623226e-05, 0.0, 0.0, 0.0, 0.0, 0.0
138,0.0, 0.0011421899588811614, 0.92327021676227217, 0.067668409563937257, 0.0077415097213056503, 0.00017767399360373623, 0.0, 0.0, 0.0, 0.0, 0.0, 0.0
139,2.0653475980007436e-05, 0.00078483208724028255, 0.89415093560246195, 0.097856169193275222, 0.0071461026890825728, 4.1306951960014873e-05, 0.0, 0.0, 0.0, 0.0, 0.0, 0.0
140,0.0, 0.00025761576608488438, 0.85047551576823166, 0.13801764667997682, 0.011184817844185398, 4.2935961014147399e-05, 2.1467980507073699e-05, 0.0, 0.0, 0.0, 0.0, 0.0
141,0.0, 0.00020132297958009779, 0.79930974978429681, 0.18395168248490076, 0.016335921771642219, 0.00020132297958009779, 0.0, 0.0, 0.0, 0.0, 0.0, 0.0
142,4.8498957272418644e-05, 0.00014549687181725592, 0.72709636742810024, 0.24259178427663805, 0.029972355594354721, 0.00014549687181725592, 0.0, 0.0, 0.0, 0.0, 0.0, 0.0
143,0.0, 0.0, 0.65688309121454691, 0.28550252001185888, 0.056626148828935664, 0.00098823994465856309, 0.0, 0.0, 0.0, 0.0, 0.0, 0.0
144,0.00018378974453225509, 0.00018378974453225509, 0.62580408013232858, 0.27678735526557618, 0.095754456901304907, 0.0012865282117257857, 0.0, 0.0, 0.0, 0.0, 0.0, 0.0
145,0.0, 0.0013040643338404696, 0.73027602695066285, 0.16931101934362094, 0.096718104759834819, 0.0021734405564007822, 0.00021734405564007825, 0.0, 0.0, 0.0, 0.0, 0.0
146,0.00063572790845518119, 0.0042381860563678745, 0.87285441830896371, 0.074698029243483788, 0.046090273363000638, 0.0013774104683195593, 0.00010595465140919687, 0.0, 0.0, 0.0, 0.0, 0.0
147,0.00017618040873854828, 0.0046981442330279542, 0.91831101714822649, 0.05896171012450082, 0.01738313366220343, 0.00046981442330279542, 0.0, 0.0, 0.0, 0.0, 0.0, 0.0
148,0.00048446482785349782, 0.003068277243072153, 0.91789936050642729, 0.06365867837994961, 0.014533944835604934, 0.00032297655190233188, 3.2297655190233189e-05, 0.0, 0.0, 0.0, 0.0, 0.0
149,0.0, 0.002982083058346166, 0.89665371171567554, 0.090122460951822247, 0.010119527755371416, 0.00012221651878467895, 0.0, 0.0, 0.0, 0.0, 0.0, 0.0
